Date,Timestamp,Event,NarrativeEvent,InputBlockNo,InputNo,TrialNumber,FeedbackType,BlockResult,WinCount,LossCount,Lane,Column,FishType,KeyCode,SequenceTime_ms,TimeSinceLastKey_ms,KeyOrder,KeyType,ExpectedKey1,ExpectedKey2,SequenceNumber,SequenceComposition,SequenceSpeed,SequenceValidity,SequenceType,SequenceWindowClosure,TargetFabInputRate,TargetRecognitionRate,StartPolicyReview,Trials,InterTrialIntervalSeconds,InputWindowSeconds,GameState,GamePolicy,CurrentRecognitionRate,FabAlarmFixationPoint,FabAlarmVariability,CurrentFabRate,CurrentFabAlarm,InputConfidence,InputValidity,InputType,InputNumber,vv,ww,xx,yy,zz
2020-05-08,10:41:40.3541,[gameevent],HookMoved,NA,NA,NA,NA,NA,NA,NA,1,3,NA,NA,NA,NA,NA,NA,NA,NA,NA,NA,NA,NA,NA,NA,0,1,0.4,1000,2,1,Running,NA,NA,1,0.25,NA,NA,NA,NA,NA,NA
2020-05-08,10:41:40.2795,KeyDown,NA,NA,NA,NA,NA,NA,NA,NA,1,3,NA,DownArrow,0,0,NA,WrongKey,H,K,0,Mistyped,Fast,Accepted,HKJL,ClosedByDeadzone,0,1,0.4,1000,2,1,Running,NA,NA,1,0.25,NA,NA,0,Rejected,KeySequence,0
2020-05-08,10:41:41.0090,KeySequenceStopped,NA,NA,NA,NA,NA,NA,NA,NA,1,3,NA,NA,0.7555599,0.7555599,NA,NA,NA,NA,0,Mistyped,Fast,Accepted,HKJL,ClosedByDeadzone,0,1,0.4,1000,2,1,Running,NA,NA,1,0.25,NA,NA,0,Rejected,KeySequence,0
2020-05-08,10:41:43.4849,[gameevent],HookMoved,NA,NA,NA,NA,NA,NA,NA,2,3,NA,NA,NA,NA,NA,NA,NA,NA,NA,NA,NA,NA,NA,NA,0,1,0.4,1000,2,1,Running,NA,NA,1,0.25,NA,NA,0,Rejected,KeySequence,0
2020-05-08,10:41:44.6171,[gameevent],HookMoved,NA,NA,NA,NA,NA,NA,NA,3,3,NA,NA,NA,NA,NA,NA,NA,NA,NA,NA,NA,NA,NA,NA,0,1,0.4,1000,2,1,Running,NA,NA,1,0.25,NA,NA,0,Rejected,KeySequence,0
2020-05-08,10:41:43.4839,KeyDown,NA,NA,NA,NA,NA,NA,NA,NA,3,3,NA,DownArrow,0,0,NA,WrongKey,H,K,1,Mistyped,Slow,Rejected,HKJL,ClosedByDeadzone,0,1,0.4,1000,2,1,Running,NA,NA,1,0.25,NA,NA,0,Rejected,KeySequence,1
2020-05-08,10:41:43.9841,KeyDown,NA,NA,NA,NA,NA,NA,NA,NA,3,3,NA,DownArrow,0.4999738,0.4999738,NA,WrongKey,H,K,1,Mistyped,Slow,Rejected,HKJL,ClosedByDeadzone,0,1,0.4,1000,2,1,Running,NA,NA,1,0.25,NA,NA,0,Rejected,KeySequence,1
2020-05-08,10:41:44.6169,KeyDown,NA,NA,NA,NA,NA,NA,NA,NA,3,3,NA,DownArrow,1.133728,0.6337542,NA,WrongKey,J,None,1,Mistyped,Slow,Rejected,HKJL,ClosedByDeadzone,0,1,0.4,1000,2,1,Running,NA,NA,1,0.25,NA,NA,0,Rejected,KeySequence,1
2020-05-08,10:41:45.3508,KeySequenceStopped,NA,NA,NA,NA,NA,NA,NA,NA,3,3,NA,NA,1.883854,0.7501261,NA,NA,NA,NA,1,Mistyped,Slow,Rejected,HKJL,ClosedByDeadzone,0,1,0.4,1000,2,1,Running,NA,NA,1,0.25,NA,NA,0,Rejected,KeySequence,1
2020-05-08,10:41:47.0572,[gameevent],FishHooked,1,1,1,NA,NA,NA,NA,3,3,NA,NA,NA,NA,NA,NA,NA,NA,NA,NA,NA,NA,NA,NA,0,1,0.4,1000,2,1,Running,NA,NA,1,0.25,NA,NA,0,Rejected,KeySequence,1
2020-05-08,10:41:49.0422,InputWindowOpen,NA,1,1,1,NA,NA,NA,NA,3,3,NA,NA,NA,NA,NA,NA,NA,NA,NA,NA,NA,NA,NA,NA,0,1,0.4,1000,2,1,Running,NA,NA,1,0.25,NA,NA,0,Rejected,KeySequence,1
2020-05-08,10:41:49.0452,[gameevent],NextTrialStarted,1,1,1,NA,NA,NA,NA,3,3,NA,NA,NA,NA,NA,NA,NA,NA,NA,NA,NA,NA,NA,NA,0,1,0.4,1000,2,1,Running,NA,NA,1,0.25,NA,NA,0,Rejected,KeySequence,1
2020-05-08,10:41:49.3112,KeyDown,NA,1,1,1,NA,NA,NA,NA,3,3,NA,H,0,0,0,CorrectKey,H,K,2,Correct,Fast,Accepted,HKJL,ClosedByInputThreshold,0,1,0.4,1000,2,1,Running,NA,NA,1,0.25,NA,NA,1,Accepted,KeySequence,2
2020-05-08,10:41:49.5530,KeyDown,NA,1,1,1,NA,NA,NA,NA,3,3,NA,K,0.2502259,0.2502259,1,CorrectKey,H,K,2,Correct,Fast,Accepted,HKJL,ClosedByInputThreshold,0,1,0.4,1000,2,1,Running,NA,NA,1,0.25,NA,NA,1,Accepted,KeySequence,2
2020-05-08,10:41:49.8364,KeyDown,NA,1,1,1,NA,NA,NA,NA,3,3,NA,J,0.5339808,0.2837548,2,CorrectKey,J,None,2,Correct,Fast,Accepted,HKJL,ClosedByInputThreshold,0,1,0.4,1000,2,1,Running,NA,NA,1,0.25,NA,NA,1,Accepted,KeySequence,2
2020-05-08,10:41:50.0031,KeyDown,NA,1,1,1,NA,NA,NA,NA,3,3,NA,L,0.7002354,0.1662546,3,CorrectKey,L,None,2,Correct,Fast,Accepted,HKJL,ClosedByInputThreshold,0,1,0.4,1000,2,1,Running,NA,NA,1,0.25,NA,NA,1,Accepted,KeySequence,2
2020-05-08,10:41:50.0043,KeySequenceStopped,NA,1,1,1,NA,NA,NA,NA,3,3,NA,NA,0.7173786,0.0171432,NA,NA,NA,NA,2,Correct,Fast,Accepted,HKJL,ClosedByInputThreshold,0,1,0.4,1000,2,1,Running,NA,NA,1,0.25,NA,NA,1,Accepted,KeySequence,2
2020-05-08,10:41:50.0085,[gameevent],InputAccepted,1,1,1,NA,NA,NA,NA,3,3,NA,NA,NA,NA,NA,NA,NA,NA,NA,NA,NA,NA,NA,NA,0,1,0.4,1000,2,1,Running,NA,NA,1,0.25,NA,NA,1,Accepted,KeySequence,2
2020-05-08,10:41:50.0103,InputWindowClosed,NA,1,1,1,NA,NA,NA,NA,3,3,NA,NA,NA,NA,NA,NA,NA,NA,NA,NA,NA,NA,NA,NA,0,1,0.4,1000,2,1,Running,NA,NA,1,0.25,NA,NA,1,Accepted,KeySequence,2
2020-05-08,10:41:50.0153,DecisionAcceptAllInput,NA,1,1,1,NA,NA,NA,NA,3,3,NA,NA,NA,NA,NA,NA,NA,NA,NA,NA,NA,NA,NA,NA,0,1,0.4,1000,2,1,Running,NA,1,1,0.25,1,1.05041,1,Accepted,KeySequence,2
2020-05-08,10:41:50.0204,[gameevent],Feedback,1,1,1,Success,NA,NA,NA,2,3,NA,NA,NA,NA,NA,NA,NA,NA,NA,NA,NA,NA,NA,NA,0,1,0.4,1000,2,1,Running,NA,1,1,0.25,1,1.05041,1,Accepted,KeySequence,2
2020-05-08,10:41:51.7370,KeyDown,NA,1,1,1,NA,NA,NA,NA,2,3,NA,DownArrow,0,0,NA,WrongKey,H,K,3,Mistyped,Fast,Accepted,HKJL,ClosedByDeadzone,0,1,0.4,1000,2,1,Running,NA,1,1,0.25,1,1.05041,0,Rejected,KeySequence,3
2020-05-08,10:41:52.4709,KeySequenceStopped,NA,1,1,1,NA,NA,NA,NA,2,3,NA,NA,0.7502559,0.7502559,NA,NA,NA,NA,3,Mistyped,Fast,Accepted,HKJL,ClosedByDeadzone,0,1,0.4,1000,2,1,Running,NA,1,1,0.25,1,1.05041,0,Rejected,KeySequence,3
2020-05-08,10:41:52.8541,InputWindowOpen,NA,1,1,1,NA,NA,NA,NA,2,3,NA,NA,NA,NA,NA,NA,NA,NA,NA,NA,NA,NA,NA,NA,0,1,0.4,1000,2,1,Running,NA,1,1,0.25,1,1.05041,0,Rejected,KeySequence,3
2020-05-08,10:41:52.8549,[gameevent],NextTrialStarted,1,2,2,NA,NA,NA,NA,2,3,NA,NA,NA,NA,NA,NA,NA,NA,NA,NA,NA,NA,NA,NA,0,1,0.4,1000,2,1,Running,NA,1,1,0.25,1,1.05041,0,Rejected,KeySequence,3
2020-05-08,10:41:53.0711,KeyDown,NA,1,2,2,NA,NA,NA,NA,2,3,NA,H,0,0,0,CorrectKey,H,K,4,Correct,Fast,Accepted,HKJL,ClosedByInputThreshold,0,1,0.4,1000,2,1,Running,NA,1,1,0.25,1,1.05041,1,Accepted,KeySequence,4
2020-05-08,10:41:53.3383,KeyDown,NA,1,2,2,NA,NA,NA,NA,2,3,NA,K,0.2668049,0.2668049,1,CorrectKey,H,K,4,Correct,Fast,Accepted,HKJL,ClosedByInputThreshold,0,1,0.4,1000,2,1,Running,NA,1,1,0.25,1,1.05041,1,Accepted,KeySequence,4
2020-05-08,10:41:53.5218,KeyDown,NA,1,2,2,NA,NA,NA,NA,2,3,NA,J,0.4501328,0.1833279,2,CorrectKey,J,None,4,Correct,Fast,Accepted,HKJL,ClosedByInputThreshold,0,1,0.4,1000,2,1,Running,NA,1,1,0.25,1,1.05041,1,Accepted,KeySequence,4
2020-05-08,10:41:53.7382,KeyDown,NA,1,2,2,NA,NA,NA,NA,2,3,NA,L,0.6667162,0.2165834,3,CorrectKey,L,None,4,Correct,Fast,Accepted,HKJL,ClosedByInputThreshold,0,1,0.4,1000,2,1,Running,NA,1,1,0.25,1,1.05041,1,Accepted,KeySequence,4
2020-05-08,10:41:53.7392,KeySequenceStopped,NA,1,2,2,NA,NA,NA,NA,2,3,NA,NA,0.6841045,0.0173883,NA,NA,NA,NA,4,Correct,Fast,Accepted,HKJL,ClosedByInputThreshold,0,1,0.4,1000,2,1,Running,NA,1,1,0.25,1,1.05041,1,Accepted,KeySequence,4
2020-05-08,10:41:53.7402,[gameevent],InputAccepted,1,2,2,NA,NA,NA,NA,2,3,NA,NA,NA,NA,NA,NA,NA,NA,NA,NA,NA,NA,NA,NA,0,1,0.4,1000,2,1,Running,NA,1,1,0.25,1,1.05041,1,Accepted,KeySequence,4
2020-05-08,10:41:53.8551,InputWindowClosed,NA,1,2,2,NA,NA,NA,NA,2,3,NA,NA,NA,NA,NA,NA,NA,NA,NA,NA,NA,NA,NA,NA,0,1,0.4,1000,2,1,Running,NA,1,1,0.25,1,1.05041,1,Accepted,KeySequence,4
2020-05-08,10:41:53.8601,[gameevent],Feedback,1,2,2,Failure,NA,NA,NA,2,2,NA,NA,NA,NA,NA,NA,NA,NA,NA,NA,NA,NA,NA,NA,0,1,0.4,1000,2,1,Running,NA,1,1,0.25,1,1.05041,1,Accepted,KeySequence,4
2020-05-08,10:41:53.8611,DecisionRejectAllInput,NA,1,2,2,NA,NA,NA,NA,2,2,NA,NA,NA,NA,NA,NA,NA,NA,NA,NA,NA,NA,NA,NA,0,1,0.4,1000,2,1,Running,NA,0.5,1,0.25,0.5,0.9137709,1,Accepted,KeySequence,4
2020-05-08,10:41:56.6892,InputWindowOpen,NA,1,2,2,NA,NA,NA,NA,2,2,NA,NA,NA,NA,NA,NA,NA,NA,NA,NA,NA,NA,NA,NA,0,1,0.4,1000,2,1,Running,NA,0.5,1,0.25,0.5,0.9137709,1,Accepted,KeySequence,4
2020-05-08,10:41:56.6892,[gameevent],NextTrialStarted,1,3,3,NA,NA,NA,NA,2,2,NA,NA,NA,NA,NA,NA,NA,NA,NA,NA,NA,NA,NA,NA,0,1,0.4,1000,2,1,Running,NA,0.5,1,0.25,0.5,0.9137709,1,Accepted,KeySequence,4
2020-05-08,10:41:56.9227,KeyDown,NA,1,3,3,NA,NA,NA,NA,2,2,NA,H,0,0,0,CorrectKey,H,K,5,Correct,Fast,Accepted,HKJL,ClosedByInputThreshold,0,1,0.4,1000,2,1,Running,NA,0.5,1,0.25,0.5,0.9137709,1,Accepted,KeySequence,5
2020-05-08,10:41:57.1222,KeyDown,NA,1,3,3,NA,NA,NA,NA,2,2,NA,K,0.2000782,0.2000782,1,CorrectKey,H,K,5,Correct,Fast,Accepted,HKJL,ClosedByInputThreshold,0,1,0.4,1000,2,1,Running,NA,0.5,1,0.25,0.5,0.9137709,1,Accepted,KeySequence,5
2020-05-08,10:41:57.2902,KeyDown,NA,1,3,3,NA,NA,NA,NA,2,2,NA,J,0.3668578,0.1667796,2,CorrectKey,J,None,5,Correct,Fast,Accepted,HKJL,ClosedByInputThreshold,0,1,0.4,1000,2,1,Running,NA,0.5,1,0.25,0.5,0.9137709,1,Accepted,KeySequence,5
2020-05-08,10:41:57.4065,KeyDown,NA,1,3,3,NA,NA,NA,NA,2,2,NA,L,0.4837652,0.1169074,3,CorrectKey,L,None,5,Correct,Fast,Accepted,HKJL,ClosedByInputThreshold,0,1,0.4,1000,2,1,Running,NA,0.5,1,0.25,0.5,0.9137709,1,Accepted,KeySequence,5
2020-05-08,10:41:57.4074,KeySequenceStopped,NA,1,3,3,NA,NA,NA,NA,2,2,NA,NA,0.5009244,0.0171592,NA,NA,NA,NA,5,Correct,Fast,Accepted,HKJL,ClosedByInputThreshold,0,1,0.4,1000,2,1,Running,NA,0.5,1,0.25,0.5,0.9137709,1,Accepted,KeySequence,5
2020-05-08,10:41:57.4084,[gameevent],InputAccepted,1,3,3,NA,NA,NA,NA,2,2,NA,NA,NA,NA,NA,NA,NA,NA,NA,NA,NA,NA,NA,NA,0,1,0.4,1000,2,1,Running,NA,0.5,1,0.25,0.5,0.9137709,1,Accepted,KeySequence,5
2020-05-08,10:41:57.4088,InputWindowClosed,NA,1,3,3,NA,NA,NA,NA,2,2,NA,NA,NA,NA,NA,NA,NA,NA,NA,NA,NA,NA,NA,NA,0,1,0.4,1000,2,1,Running,NA,0.5,1,0.25,0.5,0.9137709,1,Accepted,KeySequence,5
2020-05-08,10:41:57.4088,DecisionAcceptAllInput,NA,1,3,3,NA,NA,NA,NA,2,2,NA,NA,NA,NA,NA,NA,NA,NA,NA,NA,NA,NA,NA,NA,0,1,0.4,1000,2,1,Running,NA,0.6666667,1,0.25,0.6666667,1.15582,1,Accepted,KeySequence,5
2020-05-08,10:41:57.4088,[gameevent],Feedback,1,3,3,Success,NA,NA,NA,1,2,NA,NA,NA,NA,NA,NA,NA,NA,NA,NA,NA,NA,NA,NA,0,1,0.4,1000,2,1,Running,NA,0.6666667,1,0.25,0.6666667,1.15582,1,Accepted,KeySequence,5
2020-05-08,10:42:00.2413,InputWindowOpen,NA,1,3,3,NA,NA,NA,NA,1,2,NA,NA,NA,NA,NA,NA,NA,NA,NA,NA,NA,NA,NA,NA,0,1,0.4,1000,2,1,Running,NA,0.6666667,1,0.25,0.6666667,1.15582,1,Accepted,KeySequence,5
2020-05-08,10:42:00.2415,[gameevent],NextTrialStarted,1,4,4,NA,NA,NA,NA,1,2,NA,NA,NA,NA,NA,NA,NA,NA,NA,NA,NA,NA,NA,NA,0,1,0.4,1000,2,1,Running,NA,0.6666667,1,0.25,0.6666667,1.15582,1,Accepted,KeySequence,5
2020-05-08,10:42:00.5083,KeyDown,NA,1,4,4,NA,NA,NA,NA,1,2,NA,H,0,0,0,CorrectKey,H,K,6,Correct,Fast,Accepted,HKJL,ClosedByInputThreshold,0,1,0.4,1000,2,1,Running,NA,0.6666667,1,0.25,0.6666667,1.15582,1,Accepted,KeySequence,6
2020-05-08,10:42:00.6583,KeyDown,NA,1,4,4,NA,NA,NA,NA,1,2,NA,K,0.1493211,0.1493211,1,CorrectKey,H,K,6,Correct,Fast,Accepted,HKJL,ClosedByInputThreshold,0,1,0.4,1000,2,1,Running,NA,0.6666667,1,0.25,0.6666667,1.15582,1,Accepted,KeySequence,6
2020-05-08,10:42:00.8241,KeyDown,NA,1,4,4,NA,NA,NA,NA,1,2,NA,J,0.3164157,0.1670946,2,CorrectKey,J,None,6,Correct,Fast,Accepted,HKJL,ClosedByInputThreshold,0,1,0.4,1000,2,1,Running,NA,0.6666667,1,0.25,0.6666667,1.15582,1,Accepted,KeySequence,6
2020-05-08,10:42:00.9084,KeyDown,NA,1,4,4,NA,NA,NA,NA,1,2,NA,L,0.3996805,0.08326481,3,CorrectKey,L,None,6,Correct,Fast,Accepted,HKJL,ClosedByInputThreshold,0,1,0.4,1000,2,1,Running,NA,0.6666667,1,0.25,0.6666667,1.15582,1,Accepted,KeySequence,6
2020-05-08,10:42:00.9094,KeySequenceStopped,NA,1,4,4,NA,NA,NA,NA,1,2,NA,NA,0.4167052,0.0170247,NA,NA,NA,NA,6,Correct,Fast,Accepted,HKJL,ClosedByInputThreshold,0,1,0.4,1000,2,1,Running,NA,0.6666667,1,0.25,0.6666667,1.15582,1,Accepted,KeySequence,6
2020-05-08,10:42:00.9104,[gameevent],InputAccepted,1,4,4,NA,NA,NA,NA,1,2,NA,NA,NA,NA,NA,NA,NA,NA,NA,NA,NA,NA,NA,NA,0,1,0.4,1000,2,1,Running,NA,0.6666667,1,0.25,0.6666667,1.15582,1,Accepted,KeySequence,6
2020-05-08,10:42:01.2412,InputWindowClosed,NA,1,4,4,NA,NA,NA,NA,1,2,NA,NA,NA,NA,NA,NA,NA,NA,NA,NA,NA,NA,NA,NA,0,1,0.4,1000,2,1,Running,NA,0.6666667,1,0.25,0.6666667,1.15582,1,Accepted,KeySequence,6
2020-05-08,10:42:01.2422,[gameevent],Feedback,1,4,4,Failure,NA,NA,NA,1,1,NA,NA,NA,NA,NA,NA,NA,NA,NA,NA,NA,NA,NA,NA,0,1,0.4,1000,2,1,Running,NA,0.6666667,1,0.25,0.6666667,1.15582,1,Accepted,KeySequence,6
2020-05-08,10:42:01.2425,DecisionRejectAllInput,NA,1,4,4,NA,NA,NA,NA,1,1,NA,NA,NA,NA,NA,NA,NA,NA,NA,NA,NA,NA,NA,NA,0,1,0.4,1000,2,1,Running,NA,0.5,1,0.25,0.5,1.23952,1,Accepted,KeySequence,6
2020-05-08,10:42:04.0942,InputWindowOpen,NA,1,4,4,NA,NA,NA,NA,1,1,NA,NA,NA,NA,NA,NA,NA,NA,NA,NA,NA,NA,NA,NA,0,1,0.4,1000,2,1,Running,NA,0.5,1,0.25,0.5,1.23952,1,Accepted,KeySequence,6
2020-05-08,10:42:04.0950,[gameevent],NextTrialStarted,1,5,5,NA,NA,NA,NA,1,1,NA,NA,NA,NA,NA,NA,NA,NA,NA,NA,NA,NA,NA,NA,0,1,0.4,1000,2,1,Running,NA,0.5,1,0.25,0.5,1.23952,1,Accepted,KeySequence,6
2020-05-08,10:42:04.3129,KeyDown,NA,1,5,5,NA,NA,NA,NA,1,1,NA,H,0,0,0,CorrectKey,H,K,7,Correct,Fast,Accepted,HKJL,ClosedByInputThreshold,0,1,0.4,1000,2,1,Running,NA,0.5,1,0.25,0.5,1.23952,1,Accepted,KeySequence,7
2020-05-08,10:42:04.4924,KeyDown,NA,1,5,5,NA,NA,NA,NA,1,1,NA,K,0.1834043,0.1834043,1,CorrectKey,H,K,7,Correct,Fast,Accepted,HKJL,ClosedByInputThreshold,0,1,0.4,1000,2,1,Running,NA,0.5,1,0.25,0.5,1.23952,1,Accepted,KeySequence,7
2020-05-08,10:42:04.6920,KeyDown,NA,1,5,5,NA,NA,NA,NA,1,1,NA,J,0.3834601,0.2000558,2,CorrectKey,J,None,7,Correct,Fast,Accepted,HKJL,ClosedByInputThreshold,0,1,0.4,1000,2,1,Running,NA,0.5,1,0.25,0.5,1.23952,1,Accepted,KeySequence,7
2020-05-08,10:42:04.8259,KeyDown,NA,1,5,5,NA,NA,NA,NA,1,1,NA,L,0.5190053,0.1355452,3,CorrectKey,L,None,7,Correct,Fast,Accepted,HKJL,ClosedByInputThreshold,0,1,0.4,1000,2,1,Running,NA,0.5,1,0.25,0.5,1.23952,1,Accepted,KeySequence,7
2020-05-08,10:42:04.8269,KeySequenceStopped,NA,1,5,5,NA,NA,NA,NA,1,1,NA,NA,0.5341112,0.0151059,NA,NA,NA,NA,7,Correct,Fast,Accepted,HKJL,ClosedByInputThreshold,0,1,0.4,1000,2,1,Running,NA,0.5,1,0.25,0.5,1.23952,1,Accepted,KeySequence,7
2020-05-08,10:42:04.8280,[gameevent],InputAccepted,1,5,5,NA,NA,NA,NA,1,1,NA,NA,NA,NA,NA,NA,NA,NA,NA,NA,NA,NA,NA,NA,0,1,0.4,1000,2,1,Running,NA,0.5,1,0.25,0.5,1.23952,1,Accepted,KeySequence,7
2020-05-08,10:42:05.0931,InputWindowClosed,NA,1,5,5,NA,NA,NA,NA,1,1,NA,NA,NA,NA,NA,NA,NA,NA,NA,NA,NA,NA,NA,NA,0,1,0.4,1000,2,1,Running,NA,0.5,1,0.25,0.5,1.23952,1,Accepted,KeySequence,7
2020-05-08,10:42:05.0931,[gameevent],Feedback,1,5,5,Failure,NA,NA,NA,1,0,NA,NA,NA,NA,NA,NA,NA,NA,NA,NA,NA,NA,NA,NA,0,1,0.4,1000,2,1,Running,NA,0.5,1,0.25,0.5,1.23952,1,Accepted,KeySequence,7
2020-05-08,10:42:05.0931,DecisionRejectAllInput,NA,1,5,5,NA,NA,NA,NA,1,0,NA,NA,NA,NA,NA,NA,NA,NA,NA,NA,NA,NA,NA,NA,0,1,0.4,1000,2,1,Running,NA,0.4,1,0.25,0.4,1.159925,1,Accepted,KeySequence,7
2020-05-08,10:42:05.9309,[gameevent],BlockEnded,1,5,5,NA,Loss,0,1,NA,NA,NA,NA,NA,NA,NA,NA,NA,NA,NA,NA,NA,NA,NA,NA,0,1,0.4,1000,2,1,Running,NA,0.4,1,0.25,0.4,1.159925,1,Accepted,KeySequence,7
2020-05-08,10:42:09.0948,[gameevent],HookMoved,NA,NA,NA,NA,NA,NA,NA,1,3,NA,NA,NA,NA,NA,NA,NA,NA,NA,NA,NA,NA,NA,NA,0,1,0.4,1000,2,1,Running,NA,0.4,1,0.25,0.4,1.159925,1,Accepted,KeySequence,7
2020-05-08,10:42:09.0938,KeyDown,NA,NA,NA,NA,NA,NA,NA,NA,1,3,NA,DownArrow,0,0,NA,WrongKey,H,K,8,Mistyped,Fast,Accepted,HKJL,ClosedByDeadzone,0,1,0.4,1000,2,1,Running,NA,0.4,1,0.25,0.4,1.159925,0,Rejected,KeySequence,8
2020-05-08,10:42:09.8284,KeySequenceStopped,NA,NA,NA,NA,NA,NA,NA,NA,1,3,NA,NA,0.7503937,0.7503937,NA,NA,NA,NA,8,Mistyped,Fast,Accepted,HKJL,ClosedByDeadzone,0,1,0.4,1000,2,1,Running,NA,0.4,1,0.25,0.4,1.159925,0,Rejected,KeySequence,8
2020-05-08,10:42:11.2302,[gameevent],HookMoved,NA,NA,NA,NA,NA,NA,NA,2,3,NA,NA,NA,NA,NA,NA,NA,NA,NA,NA,NA,NA,NA,NA,0,1,0.4,1000,2,1,Running,NA,0.4,1,0.25,0.4,1.159925,0,Rejected,KeySequence,8
2020-05-08,10:42:12.2324,[gameevent],HookMoved,NA,NA,NA,NA,NA,NA,NA,3,3,NA,NA,NA,NA,NA,NA,NA,NA,NA,NA,NA,NA,NA,NA,0,1,0.4,1000,2,1,Running,NA,0.4,1,0.25,0.4,1.159925,0,Rejected,KeySequence,8
2020-05-08,10:42:11.2292,KeyDown,NA,NA,NA,NA,NA,NA,NA,NA,3,3,NA,DownArrow,0,0,NA,WrongKey,H,K,9,Correct,Slow,Accepted,HKJL,ClosedByInputThreshold,0,1,0.4,1000,2,1,Running,NA,0.4,1,0.25,0.4,1.159925,1,Accepted,KeySequence,9
2020-05-08,10:42:11.5291,KeyDown,NA,NA,NA,NA,NA,NA,NA,NA,3,3,NA,DownArrow,0.2999952,0.2999952,NA,WrongKey,H,K,9,Correct,Slow,Accepted,HKJL,ClosedByInputThreshold,0,1,0.4,1000,2,1,Running,NA,0.4,1,0.25,0.4,1.159925,1,Accepted,KeySequence,9
2020-05-08,10:42:11.7799,KeyDown,NA,NA,NA,NA,NA,NA,NA,NA,3,3,NA,DownArrow,0.5501721,0.2501769,NA,WrongKey,J,None,9,Correct,Slow,Accepted,HKJL,ClosedByInputThreshold,0,1,0.4,1000,2,1,Running,NA,0.4,1,0.25,0.4,1.159925,1,Accepted,KeySequence,9
2020-05-08,10:42:12.2314,KeyDown,NA,NA,NA,NA,NA,NA,NA,NA,3,3,NA,DownArrow,1.000728,0.4505562,NA,WrongKey,L,None,9,Correct,Slow,Accepted,HKJL,ClosedByInputThreshold,0,1,0.4,1000,2,1,Running,NA,0.4,1,0.25,0.4,1.159925,1,Accepted,KeySequence,9
2020-05-08,10:42:12.2334,KeySequenceStopped,NA,NA,NA,NA,NA,NA,NA,NA,3,3,NA,NA,1.017789,0.0170603,NA,NA,NA,NA,9,Correct,Slow,Accepted,HKJL,ClosedByInputThreshold,0,1,0.4,1000,2,1,Running,NA,0.4,1,0.25,0.4,1.159925,1,Accepted,KeySequence,9
2020-05-08,10:42:13.5133,KeyDown,NA,NA,NA,NA,NA,NA,NA,NA,3,3,NA,RightArrow,0,0,NA,WrongKey,H,K,10,Mistyped,Slow,Rejected,HKJL,ClosedByDeadzone,0,1,0.4,1000,2,1,Running,NA,0.4,1,0.25,0.4,1.159925,0,Rejected,KeySequence,10
2020-05-08,10:42:14.0630,KeyDown,NA,NA,NA,NA,NA,NA,NA,NA,3,3,NA,DownArrow,0.5502269,0.5502269,NA,WrongKey,H,K,10,Mistyped,Slow,Rejected,HKJL,ClosedByDeadzone,0,1,0.4,1000,2,1,Running,NA,0.4,1,0.25,0.4,1.159925,0,Rejected,KeySequence,10
2020-05-08,10:42:14.7972,KeySequenceStopped,NA,NA,NA,NA,NA,NA,NA,NA,3,3,NA,NA,1.300476,0.7502491,NA,NA,NA,NA,10,Mistyped,Slow,Rejected,HKJL,ClosedByDeadzone,0,1,0.4,1000,2,1,Running,NA,0.4,1,0.25,0.4,1.159925,0,Rejected,KeySequence,10
2020-05-08,10:42:14.8131,[gameevent],FishHooked,2,6,6,NA,NA,NA,NA,3,3,NA,NA,NA,NA,NA,NA,NA,NA,NA,NA,NA,NA,NA,NA,0,1,0.4,1000,2,1,Running,NA,0.4,1,0.25,0.4,1.159925,0,Rejected,KeySequence,10
2020-05-08,10:42:16.7968,InputWindowOpen,NA,2,6,6,NA,NA,NA,NA,3,3,NA,NA,NA,NA,NA,NA,NA,NA,NA,NA,NA,NA,NA,NA,0,1,0.4,1000,2,1,Running,NA,0.4,1,0.25,0.4,1.159925,0,Rejected,KeySequence,10
2020-05-08,10:42:16.7979,[gameevent],NextTrialStarted,2,6,6,NA,NA,NA,NA,3,3,NA,NA,NA,NA,NA,NA,NA,NA,NA,NA,NA,NA,NA,NA,0,1,0.4,1000,2,1,Running,NA,0.4,1,0.25,0.4,1.159925,0,Rejected,KeySequence,10
2020-05-08,10:42:17.0643,KeyDown,NA,2,6,6,NA,NA,NA,NA,3,3,NA,H,0,0,0,CorrectKey,H,K,11,Correct,Fast,Accepted,HKJL,ClosedByInputThreshold,0,1,0.4,1000,2,1,Running,NA,0.4,1,0.25,0.4,1.159925,1,Accepted,KeySequence,11
2020-05-08,10:42:17.3314,KeyDown,NA,2,6,6,NA,NA,NA,NA,3,3,NA,K,0.2667486,0.2667486,1,CorrectKey,H,K,11,Correct,Fast,Accepted,HKJL,ClosedByInputThreshold,0,1,0.4,1000,2,1,Running,NA,0.4,1,0.25,0.4,1.159925,1,Accepted,KeySequence,11
2020-05-08,10:42:17.5981,KeyDown,NA,2,6,6,NA,NA,NA,NA,3,3,NA,J,0.533367,0.2666184,2,CorrectKey,J,None,11,Correct,Fast,Accepted,HKJL,ClosedByInputThreshold,0,1,0.4,1000,2,1,Running,NA,0.4,1,0.25,0.4,1.159925,1,Accepted,KeySequence,11
2020-05-08,10:42:17.6982,KeyDown,NA,2,6,6,NA,NA,NA,NA,3,3,NA,L,0.6346295,0.1012625,3,CorrectKey,L,None,11,Correct,Fast,Accepted,HKJL,ClosedByInputThreshold,0,1,0.4,1000,2,1,Running,NA,0.4,1,0.25,0.4,1.159925,1,Accepted,KeySequence,11
2020-05-08,10:42:17.6992,KeySequenceStopped,NA,2,6,6,NA,NA,NA,NA,3,3,NA,NA,0.6507548,0.0161253,NA,NA,NA,NA,11,Correct,Fast,Accepted,HKJL,ClosedByInputThreshold,0,1,0.4,1000,2,1,Running,NA,0.4,1,0.25,0.4,1.159925,1,Accepted,KeySequence,11
2020-05-08,10:42:17.6992,[gameevent],InputAccepted,2,6,6,NA,NA,NA,NA,3,3,NA,NA,NA,NA,NA,NA,NA,NA,NA,NA,NA,NA,NA,NA,0,1,0.4,1000,2,1,Running,NA,0.4,1,0.25,0.4,1.159925,1,Accepted,KeySequence,11
2020-05-08,10:42:17.7971,InputWindowClosed,NA,2,6,6,NA,NA,NA,NA,3,3,NA,NA,NA,NA,NA,NA,NA,NA,NA,NA,NA,NA,NA,NA,0,1,0.4,1000,2,1,Running,NA,0.4,1,0.25,0.4,1.159925,1,Accepted,KeySequence,11
2020-05-08,10:42:17.7981,[gameevent],Feedback,2,6,6,Failure,NA,NA,NA,3,2,NA,NA,NA,NA,NA,NA,NA,NA,NA,NA,NA,NA,NA,NA,0,1,0.4,1000,2,1,Running,NA,0.4,1,0.25,0.4,1.159925,1,Accepted,KeySequence,11
2020-05-08,10:42:17.7981,DecisionRejectAllInput,NA,2,6,6,NA,NA,NA,NA,3,2,NA,NA,NA,NA,NA,NA,NA,NA,NA,NA,NA,NA,NA,NA,0,1,0.4,1000,2,1,Running,NA,0.3333333,1,0.25,0.3333333,1.069776,1,Accepted,KeySequence,11
2020-05-08,10:42:20.6151,InputWindowOpen,NA,2,6,6,NA,NA,NA,NA,3,2,NA,NA,NA,NA,NA,NA,NA,NA,NA,NA,NA,NA,NA,NA,0,1,0.4,1000,2,1,Running,NA,0.3333333,1,0.25,0.3333333,1.069776,1,Accepted,KeySequence,11
2020-05-08,10:42:20.6161,[gameevent],NextTrialStarted,2,7,7,NA,NA,NA,NA,3,2,NA,NA,NA,NA,NA,NA,NA,NA,NA,NA,NA,NA,NA,NA,0,1,0.4,1000,2,1,Running,NA,0.3333333,1,0.25,0.3333333,1.069776,1,Accepted,KeySequence,11
2020-05-08,10:42:20.7993,KeyDown,NA,2,7,7,NA,NA,NA,NA,3,2,NA,H,0,0,0,CorrectKey,H,K,12,Correct,Fast,Accepted,HKJL,ClosedByInputThreshold,0,1,0.4,1000,2,1,Running,NA,0.3333333,1,0.25,0.3333333,1.069776,1,Accepted,KeySequence,12
2020-05-08,10:42:21.0330,KeyDown,NA,2,7,7,NA,NA,NA,NA,3,2,NA,K,0.2333861,0.2333861,1,CorrectKey,H,K,12,Correct,Fast,Accepted,HKJL,ClosedByInputThreshold,0,1,0.4,1000,2,1,Running,NA,0.3333333,1,0.25,0.3333333,1.069776,1,Accepted,KeySequence,12
2020-05-08,10:42:21.2659,KeyDown,NA,2,7,7,NA,NA,NA,NA,3,2,NA,J,0.4669819,0.2335958,2,CorrectKey,J,None,12,Correct,Fast,Accepted,HKJL,ClosedByInputThreshold,0,1,0.4,1000,2,1,Running,NA,0.3333333,1,0.25,0.3333333,1.069776,1,Accepted,KeySequence,12
2020-05-08,10:42:21.4479,KeyDown,NA,2,7,7,NA,NA,NA,NA,3,2,NA,L,0.6494017,0.1824199,3,CorrectKey,L,None,12,Correct,Fast,Accepted,HKJL,ClosedByInputThreshold,0,1,0.4,1000,2,1,Running,NA,0.3333333,1,0.25,0.3333333,1.069776,1,Accepted,KeySequence,12
2020-05-08,10:42:21.4489,KeySequenceStopped,NA,2,7,7,NA,NA,NA,NA,3,2,NA,NA,0.6663889,0.0169872,NA,NA,NA,NA,12,Correct,Fast,Accepted,HKJL,ClosedByInputThreshold,0,1,0.4,1000,2,1,Running,NA,0.3333333,1,0.25,0.3333333,1.069776,1,Accepted,KeySequence,12
2020-05-08,10:42:21.4489,[gameevent],InputAccepted,2,7,7,NA,NA,NA,NA,3,2,NA,NA,NA,NA,NA,NA,NA,NA,NA,NA,NA,NA,NA,NA,0,1,0.4,1000,2,1,Running,NA,0.3333333,1,0.25,0.3333333,1.069776,1,Accepted,KeySequence,12
2020-05-08,10:42:21.4499,InputWindowClosed,NA,2,7,7,NA,NA,NA,NA,3,2,NA,NA,NA,NA,NA,NA,NA,NA,NA,NA,NA,NA,NA,NA,0,1,0.4,1000,2,1,Running,NA,0.3333333,1,0.25,0.3333333,1.069776,1,Accepted,KeySequence,12
2020-05-08,10:42:21.4499,DecisionAcceptAllInput,NA,2,7,7,NA,NA,NA,NA,3,2,NA,NA,NA,NA,NA,NA,NA,NA,NA,NA,NA,NA,NA,NA,0,1,0.4,1000,2,1,Running,NA,0.4285714,1,0.25,0.4285714,0.8785101,1,Accepted,KeySequence,12
2020-05-08,10:42:21.4499,[gameevent],Feedback,2,7,7,AssistedSuccess,NA,NA,NA,3,2,NA,NA,NA,NA,NA,NA,NA,NA,NA,NA,NA,NA,NA,NA,0,1,0.4,1000,2,1,Running,NA,0.4285714,1,0.25,0.4285714,0.8785101,1,Accepted,KeySequence,12
2020-05-08,10:42:26.7003,InputWindowOpen,NA,2,7,7,NA,NA,NA,NA,3,2,NA,NA,NA,NA,NA,NA,NA,NA,NA,NA,NA,NA,NA,NA,0,1,0.4,1000,2,1,Running,NA,0.4285714,1,0.25,0.4285714,0.8785101,1,Accepted,KeySequence,12
2020-05-08,10:42:26.7003,[gameevent],NextTrialStarted,2,8,8,NA,NA,NA,NA,3,2,NA,NA,NA,NA,NA,NA,NA,NA,NA,NA,NA,NA,NA,NA,0,1,0.4,1000,2,1,Running,NA,0.4285714,1,0.25,0.4285714,0.8785101,1,Accepted,KeySequence,12
2020-05-08,10:42:27.0348,KeyDown,NA,2,8,8,NA,NA,NA,NA,3,2,NA,H,0,0,0,CorrectKey,H,K,13,Correct,Fast,Accepted,HKJL,ClosedByInputThreshold,0,1,0.4,1000,2,1,Running,NA,0.4285714,1,0.25,0.4285714,0.8785101,1,Accepted,KeySequence,13
2020-05-08,10:42:27.2853,KeyDown,NA,2,8,8,NA,NA,NA,NA,3,2,NA,K,0.2497583,0.2497583,1,CorrectKey,H,K,13,Correct,Fast,Accepted,HKJL,ClosedByInputThreshold,0,1,0.4,1000,2,1,Running,NA,0.4285714,1,0.25,0.4285714,0.8785101,1,Accepted,KeySequence,13
2020-05-08,10:42:27.4853,KeyDown,NA,2,8,8,NA,NA,NA,NA,3,2,NA,J,0.4498357,0.2000773,2,CorrectKey,J,None,13,Correct,Fast,Accepted,HKJL,ClosedByInputThreshold,0,1,0.4,1000,2,1,Running,NA,0.4285714,1,0.25,0.4285714,0.8785101,1,Accepted,KeySequence,13
2020-05-08,10:42:27.6537,KeyDown,NA,2,8,8,NA,NA,NA,NA,3,2,NA,L,0.616611,0.1667754,3,CorrectKey,L,None,13,Correct,Fast,Accepted,HKJL,ClosedByInputThreshold,0,1,0.4,1000,2,1,Running,NA,0.4285714,1,0.25,0.4285714,0.8785101,1,Accepted,KeySequence,13
2020-05-08,10:42:27.6548,KeySequenceStopped,NA,2,8,8,NA,NA,NA,NA,3,2,NA,NA,0.6353188,0.0187078,NA,NA,NA,NA,13,Correct,Fast,Accepted,HKJL,ClosedByInputThreshold,0,1,0.4,1000,2,1,Running,NA,0.4285714,1,0.25,0.4285714,0.8785101,1,Accepted,KeySequence,13
2020-05-08,10:42:27.6557,[gameevent],InputAccepted,2,8,8,NA,NA,NA,NA,1,2,NA,NA,NA,NA,NA,NA,NA,NA,NA,NA,NA,NA,NA,NA,0,1,0.4,1000,2,1,Running,NA,0.4285714,1,0.25,0.4285714,0.8785101,1,Accepted,KeySequence,13
2020-05-08,10:42:27.7023,InputWindowClosed,NA,2,8,8,NA,NA,NA,NA,1,2,NA,NA,NA,NA,NA,NA,NA,NA,NA,NA,NA,NA,NA,NA,0,1,0.4,1000,2,1,Running,NA,0.4285714,1,0.25,0.4285714,0.8785101,1,Accepted,KeySequence,13
2020-05-08,10:42:27.7023,[gameevent],Feedback,2,8,8,Failure,NA,NA,NA,1,1,NA,NA,NA,NA,NA,NA,NA,NA,NA,NA,NA,NA,NA,NA,0,1,0.4,1000,2,1,Running,NA,0.4285714,1,0.25,0.4285714,0.8785101,1,Accepted,KeySequence,13
2020-05-08,10:42:27.7030,DecisionRejectAllInput,NA,2,8,8,NA,NA,NA,NA,1,1,NA,NA,NA,NA,NA,NA,NA,NA,NA,NA,NA,NA,NA,NA,0,1,0.4,1000,2,1,Running,NA,0.375,1,0.25,0.375,0.9780581,1,Accepted,KeySequence,13
2020-05-08,10:42:28.4525,KeyDown,NA,2,8,8,NA,NA,NA,NA,1,1,NA,UpArrow,0,0,NA,WrongKey,H,K,14,Mistyped,Slow,Rejected,HKJL,ClosedByDeadzone,0,1,0.4,1000,2,1,Running,NA,0.375,1,0.25,0.375,0.9780581,0,Rejected,KeySequence,14
2020-05-08,10:42:28.8520,KeyDown,NA,2,8,8,NA,NA,NA,NA,1,1,NA,DownArrow,0.4000338,0.4000338,NA,WrongKey,H,K,14,Mistyped,Slow,Rejected,HKJL,ClosedByDeadzone,0,1,0.4,1000,2,1,Running,NA,0.375,1,0.25,0.375,0.9780581,0,Rejected,KeySequence,14
2020-05-08,10:42:29.5850,KeySequenceStopped,NA,2,8,8,NA,NA,NA,NA,1,1,NA,NA,1.150141,0.750107,NA,NA,NA,NA,14,Mistyped,Slow,Rejected,HKJL,ClosedByDeadzone,0,1,0.4,1000,2,1,Running,NA,0.375,1,0.25,0.375,0.9780581,0,Rejected,KeySequence,14
2020-05-08,10:42:30.5202,InputWindowOpen,NA,2,8,8,NA,NA,NA,NA,1,1,NA,NA,NA,NA,NA,NA,NA,NA,NA,NA,NA,NA,NA,NA,0,1,0.4,1000,2,1,Running,NA,0.375,1,0.25,0.375,0.9780581,0,Rejected,KeySequence,14
2020-05-08,10:42:30.5202,[gameevent],NextTrialStarted,2,9,9,NA,NA,NA,NA,1,1,NA,NA,NA,NA,NA,NA,NA,NA,NA,NA,NA,NA,NA,NA,0,1,0.4,1000,2,1,Running,NA,0.375,1,0.25,0.375,0.9780581,0,Rejected,KeySequence,14
2020-05-08,10:42:30.6868,KeyDown,NA,2,9,9,NA,NA,NA,NA,1,1,NA,H,0,0,0,CorrectKey,H,K,15,Correct,Fast,Accepted,HKJL,ClosedByInputThreshold,0,1,0.4,1000,2,1,Running,NA,0.375,1,0.25,0.375,0.9780581,1,Accepted,KeySequence,15
2020-05-08,10:42:30.9545,KeyDown,NA,2,9,9,NA,NA,NA,NA,1,1,NA,K,0.2665929,0.2665929,1,CorrectKey,H,K,15,Correct,Fast,Accepted,HKJL,ClosedByInputThreshold,0,1,0.4,1000,2,1,Running,NA,0.375,1,0.25,0.375,0.9780581,1,Accepted,KeySequence,15
2020-05-08,10:42:31.2189,KeyDown,NA,2,9,9,NA,NA,NA,NA,1,1,NA,J,0.532701,0.266108,2,CorrectKey,J,None,15,Correct,Fast,Accepted,HKJL,ClosedByInputThreshold,0,1,0.4,1000,2,1,Running,NA,0.375,1,0.25,0.375,0.9780581,1,Accepted,KeySequence,15
2020-05-08,10:42:31.4203,KeyDown,NA,2,9,9,NA,NA,NA,NA,1,1,NA,L,0.7333885,0.2006875,3,CorrectKey,L,None,15,Correct,Fast,Accepted,HKJL,ClosedByInputThreshold,0,1,0.4,1000,2,1,Running,NA,0.375,1,0.25,0.375,0.9780581,1,Accepted,KeySequence,15
2020-05-08,10:42:31.4214,KeySequenceStopped,NA,2,9,9,NA,NA,NA,NA,1,1,NA,NA,0.750477,0.0170885,NA,NA,NA,NA,15,Correct,Fast,Accepted,HKJL,ClosedByInputThreshold,0,1,0.4,1000,2,1,Running,NA,0.375,1,0.25,0.375,0.9780581,1,Accepted,KeySequence,15
2020-05-08,10:42:31.4223,[gameevent],InputAccepted,2,9,9,NA,NA,NA,NA,1,1,NA,NA,NA,NA,NA,NA,NA,NA,NA,NA,NA,NA,NA,NA,0,1,0.4,1000,2,1,Running,NA,0.375,1,0.25,0.375,0.9780581,1,Accepted,KeySequence,15
2020-05-08,10:42:31.4223,InputWindowClosed,NA,2,9,9,NA,NA,NA,NA,1,1,NA,NA,NA,NA,NA,NA,NA,NA,NA,NA,NA,NA,NA,NA,0,1,0.4,1000,2,1,Running,NA,0.375,1,0.25,0.375,0.9780581,1,Accepted,KeySequence,15
2020-05-08,10:42:31.4232,DecisionAcceptAllInput,NA,2,9,9,NA,NA,NA,NA,1,1,NA,NA,NA,NA,NA,NA,NA,NA,NA,NA,NA,NA,NA,NA,0,1,0.4,1000,2,1,Running,NA,0.4444444,1,0.25,0.4444444,0.8577964,1,Accepted,KeySequence,15
2020-05-08,10:42:31.4232,[gameevent],Feedback,2,9,9,Success,NA,NA,NA,0,3,NA,NA,NA,NA,NA,NA,NA,NA,NA,NA,NA,NA,NA,NA,0,1,0.4,1000,2,1,Running,NA,0.4444444,1,0.25,0.4444444,0.8577964,1,Accepted,KeySequence,15
2020-05-08,10:42:33.7591,[gameevent],BlockEnded,2,9,9,NA,Win,1,1,NA,NA,L - Flathead Catfish,NA,NA,NA,NA,NA,NA,NA,NA,NA,NA,NA,NA,NA,0,1,0.4,1000,2,1,Running,NA,0.4444444,1,0.25,0.4444444,0.8577964,1,Accepted,KeySequence,15
2020-05-08,10:42:37.6580,[gameevent],HookMoved,NA,NA,NA,NA,NA,NA,NA,1,3,NA,NA,NA,NA,NA,NA,NA,NA,NA,NA,NA,NA,NA,NA,0,1,0.4,1000,2,1,Running,NA,0.4444444,1,0.25,0.4444444,0.8577964,1,Accepted,KeySequence,15
2020-05-08,10:42:37.6570,KeyDown,NA,NA,NA,NA,NA,NA,NA,NA,1,3,NA,DownArrow,0,0,NA,WrongKey,H,K,16,Mistyped,Fast,Accepted,HKJL,ClosedByDeadzone,0,1,0.4,1000,2,1,Running,NA,0.4444444,1,0.25,0.4444444,0.8577964,0,Rejected,KeySequence,16
2020-05-08,10:42:38.4072,KeySequenceStopped,NA,NA,NA,NA,NA,NA,NA,NA,1,3,NA,NA,0.76681,0.76681,NA,NA,NA,NA,16,Mistyped,Fast,Accepted,HKJL,ClosedByDeadzone,0,1,0.4,1000,2,1,Running,NA,0.4444444,1,0.25,0.4444444,0.8577964,0,Rejected,KeySequence,16
2020-05-08,10:42:39.8412,[gameevent],HookMoved,NA,NA,NA,NA,NA,NA,NA,2,3,NA,NA,NA,NA,NA,NA,NA,NA,NA,NA,NA,NA,NA,NA,0,1,0.4,1000,2,1,Running,NA,0.4444444,1,0.25,0.4444444,0.8577964,0,Rejected,KeySequence,16
2020-05-08,10:42:39.0739,KeyDown,NA,NA,NA,NA,NA,NA,NA,NA,2,3,NA,DownArrow,0,0,NA,WrongKey,H,K,17,Correct,Fast,Accepted,HKJL,ClosedByInputThreshold,0,1,0.4,1000,2,1,Running,NA,0.4444444,1,0.25,0.4444444,0.8577964,1,Accepted,KeySequence,17
2020-05-08,10:42:39.3072,KeyDown,NA,NA,NA,NA,NA,NA,NA,NA,2,3,NA,DownArrow,0.2332652,0.2332652,NA,WrongKey,H,K,17,Correct,Fast,Accepted,HKJL,ClosedByInputThreshold,0,1,0.4,1000,2,1,Running,NA,0.4444444,1,0.25,0.4444444,0.8577964,1,Accepted,KeySequence,17
2020-05-08,10:42:39.5574,KeyDown,NA,NA,NA,NA,NA,NA,NA,NA,2,3,NA,DownArrow,0.4833294,0.2500642,NA,WrongKey,J,None,17,Correct,Fast,Accepted,HKJL,ClosedByInputThreshold,0,1,0.4,1000,2,1,Running,NA,0.4444444,1,0.25,0.4444444,0.8577964,1,Accepted,KeySequence,17
2020-05-08,10:42:39.8402,KeyDown,NA,NA,NA,NA,NA,NA,NA,NA,2,3,NA,DownArrow,0.7667233,0.2833938,NA,WrongKey,L,None,17,Correct,Fast,Accepted,HKJL,ClosedByInputThreshold,0,1,0.4,1000,2,1,Running,NA,0.4444444,1,0.25,0.4444444,0.8577964,1,Accepted,KeySequence,17
2020-05-08,10:42:39.8412,KeySequenceStopped,NA,NA,NA,NA,NA,NA,NA,NA,2,3,NA,NA,0.7835528,0.0168295,NA,NA,NA,NA,17,Correct,Fast,Accepted,HKJL,ClosedByInputThreshold,0,1,0.4,1000,2,1,Running,NA,0.4444444,1,0.25,0.4444444,0.8577964,1,Accepted,KeySequence,17
2020-05-08,10:42:40.6760,[gameevent],HookMoved,NA,NA,NA,NA,NA,NA,NA,3,3,NA,NA,NA,NA,NA,NA,NA,NA,NA,NA,NA,NA,NA,NA,0,1,0.4,1000,2,1,Running,NA,0.4444444,1,0.25,0.4444444,0.8577964,1,Accepted,KeySequence,17
2020-05-08,10:42:40.1075,KeyDown,NA,NA,NA,NA,NA,NA,NA,NA,3,3,NA,DownArrow,0,0,NA,WrongKey,H,K,18,Correct,Fast,Accepted,HKJL,ClosedByInputThreshold,0,1,0.4,1000,2,1,Running,NA,0.4444444,1,0.25,0.4444444,0.8577964,1,Accepted,KeySequence,18
2020-05-08,10:42:40.3581,KeyDown,NA,NA,NA,NA,NA,NA,NA,NA,3,3,NA,DownArrow,0.2500172,0.2500172,NA,WrongKey,H,K,18,Correct,Fast,Accepted,HKJL,ClosedByInputThreshold,0,1,0.4,1000,2,1,Running,NA,0.4444444,1,0.25,0.4444444,0.8577964,1,Accepted,KeySequence,18
2020-05-08,10:42:40.6750,KeyDown,NA,NA,NA,NA,NA,NA,NA,NA,3,3,NA,DownArrow,0.5673926,0.3173754,NA,WrongKey,J,None,18,Correct,Fast,Accepted,HKJL,ClosedByInputThreshold,0,1,0.4,1000,2,1,Running,NA,0.4444444,1,0.25,0.4444444,0.8577964,1,Accepted,KeySequence,18
2020-05-08,10:42:40.9580,KeyDown,NA,NA,NA,NA,NA,NA,NA,NA,3,3,NA,DownArrow,0.8503935,0.2830009,NA,WrongKey,L,None,18,Correct,Fast,Accepted,HKJL,ClosedByInputThreshold,0,1,0.4,1000,2,1,Running,NA,0.4444444,1,0.25,0.4444444,0.8577964,1,Accepted,KeySequence,18
2020-05-08,10:42:40.9590,KeySequenceStopped,NA,NA,NA,NA,NA,NA,NA,NA,3,3,NA,NA,0.8674427,0.0170492,NA,NA,NA,NA,18,Correct,Fast,Accepted,HKJL,ClosedByInputThreshold,0,1,0.4,1000,2,1,Running,NA,0.4444444,1,0.25,0.4444444,0.8577964,1,Accepted,KeySequence,18
2020-05-08,10:42:42.7587,[gameevent],FishHooked,3,10,10,NA,NA,NA,NA,3,3,NA,NA,NA,NA,NA,NA,NA,NA,NA,NA,NA,NA,NA,NA,0,1,0.4,1000,2,1,Running,NA,0.4444444,1,0.25,0.4444444,0.8577964,1,Accepted,KeySequence,18
2020-05-08,10:42:44.7420,InputWindowOpen,NA,3,10,10,NA,NA,NA,NA,3,3,NA,NA,NA,NA,NA,NA,NA,NA,NA,NA,NA,NA,NA,NA,0,1,0.4,1000,2,1,Running,NA,0.4444444,1,0.25,0.4444444,0.8577964,1,Accepted,KeySequence,18
2020-05-08,10:42:44.7420,[gameevent],NextTrialStarted,3,10,10,NA,NA,NA,NA,3,3,NA,NA,NA,NA,NA,NA,NA,NA,NA,NA,NA,NA,NA,NA,0,1,0.4,1000,2,1,Running,NA,0.4444444,1,0.25,0.4444444,0.8577964,1,Accepted,KeySequence,18
2020-05-08,10:42:44.9090,KeyDown,NA,3,10,10,NA,NA,NA,NA,3,3,NA,H,0,0,0,CorrectKey,H,K,19,Correct,Fast,Accepted,HKJL,ClosedByInputThreshold,0,1,0.4,1000,2,1,Running,NA,0.4444444,1,0.25,0.4444444,0.8577964,1,Accepted,KeySequence,19
2020-05-08,10:42:45.1259,KeyDown,NA,3,10,10,NA,NA,NA,NA,3,3,NA,K,0.2171277,0.2171277,1,CorrectKey,H,K,19,Correct,Fast,Accepted,HKJL,ClosedByInputThreshold,0,1,0.4,1000,2,1,Running,NA,0.4444444,1,0.25,0.4444444,0.8577964,1,Accepted,KeySequence,19
2020-05-08,10:42:45.3759,KeyDown,NA,3,10,10,NA,NA,NA,NA,3,3,NA,J,0.467012,0.2498843,2,CorrectKey,J,None,19,Correct,Fast,Accepted,HKJL,ClosedByInputThreshold,0,1,0.4,1000,2,1,Running,NA,0.4444444,1,0.25,0.4444444,0.8577964,1,Accepted,KeySequence,19
2020-05-08,10:42:45.5261,KeyDown,NA,3,10,10,NA,NA,NA,NA,3,3,NA,L,0.616605,0.1495929,3,CorrectKey,L,None,19,Correct,Fast,Accepted,HKJL,ClosedByInputThreshold,0,1,0.4,1000,2,1,Running,NA,0.4444444,1,0.25,0.4444444,0.8577964,1,Accepted,KeySequence,19
2020-05-08,10:42:45.5261,KeySequenceStopped,NA,3,10,10,NA,NA,NA,NA,3,3,NA,NA,0.6336553,0.0170503,NA,NA,NA,NA,19,Correct,Fast,Accepted,HKJL,ClosedByInputThreshold,0,1,0.4,1000,2,1,Running,NA,0.4444444,1,0.25,0.4444444,0.8577964,1,Accepted,KeySequence,19
2020-05-08,10:42:45.5270,[gameevent],InputAccepted,3,10,10,NA,NA,NA,NA,3,3,NA,NA,NA,NA,NA,NA,NA,NA,NA,NA,NA,NA,NA,NA,0,1,0.4,1000,2,1,Running,NA,0.4444444,1,0.25,0.4444444,0.8577964,1,Accepted,KeySequence,19
2020-05-08,10:42:45.5270,InputWindowClosed,NA,3,10,10,NA,NA,NA,NA,3,3,NA,NA,NA,NA,NA,NA,NA,NA,NA,NA,NA,NA,NA,NA,0,1,0.4,1000,2,1,Running,NA,0.4444444,1,0.25,0.4444444,0.8577964,1,Accepted,KeySequence,19
2020-05-08,10:42:45.5270,DecisionAcceptAllInput,NA,3,10,10,NA,NA,NA,NA,3,3,NA,NA,NA,NA,NA,NA,NA,NA,NA,NA,NA,NA,NA,NA,0,1,0.4,1000,2,1,Running,NA,0.5,1,0.25,0.5,0.9001627,1,Accepted,KeySequence,19
2020-05-08,10:42:45.5270,[gameevent],Feedback,3,10,10,AssistedSuccess,NA,NA,NA,3,3,NA,NA,NA,NA,NA,NA,NA,NA,NA,NA,NA,NA,NA,NA,0,1,0.4,1000,2,1,Running,NA,0.5,1,0.25,0.5,0.9001627,1,Accepted,KeySequence,19
2020-05-08,10:42:50.7950,InputWindowOpen,NA,3,10,10,NA,NA,NA,NA,3,3,NA,NA,NA,NA,NA,NA,NA,NA,NA,NA,NA,NA,NA,NA,0,1,0.4,1000,2,1,Running,NA,0.5,1,0.25,0.5,0.9001627,1,Accepted,KeySequence,19
2020-05-08,10:42:50.7950,[gameevent],NextTrialStarted,3,11,11,NA,NA,NA,NA,3,3,NA,NA,NA,NA,NA,NA,NA,NA,NA,NA,NA,NA,NA,NA,0,1,0.4,1000,2,1,Running,NA,0.5,1,0.25,0.5,0.9001627,1,Accepted,KeySequence,19
2020-05-08,10:42:51.0282,KeyDown,NA,3,11,11,NA,NA,NA,NA,3,3,NA,H,0,0,0,CorrectKey,H,K,20,Correct,Fast,Accepted,HKJL,ClosedByInputThreshold,0,1,0.4,1000,2,1,Running,NA,0.5,1,0.25,0.5,0.9001627,1,Accepted,KeySequence,20
2020-05-08,10:42:51.2292,KeyDown,NA,3,11,11,NA,NA,NA,NA,3,3,NA,K,0.2002223,0.2002223,1,CorrectKey,H,K,20,Correct,Fast,Accepted,HKJL,ClosedByInputThreshold,0,1,0.4,1000,2,1,Running,NA,0.5,1,0.25,0.5,0.9001627,1,Accepted,KeySequence,20
2020-05-08,10:42:51.4950,KeyDown,NA,3,11,11,NA,NA,NA,NA,3,3,NA,J,0.4670596,0.2668374,2,CorrectKey,J,None,20,Correct,Fast,Accepted,HKJL,ClosedByInputThreshold,0,1,0.4,1000,2,1,Running,NA,0.5,1,0.25,0.5,0.9001627,1,Accepted,KeySequence,20
2020-05-08,10:42:51.5954,KeyDown,NA,3,11,11,NA,NA,NA,NA,3,3,NA,L,0.566869,0.0998094,3,CorrectKey,L,None,20,Correct,Fast,Accepted,HKJL,ClosedByInputThreshold,0,1,0.4,1000,2,1,Running,NA,0.5,1,0.25,0.5,0.9001627,1,Accepted,KeySequence,20
2020-05-08,10:42:51.5965,KeySequenceStopped,NA,3,11,11,NA,NA,NA,NA,3,3,NA,NA,0.58417,0.0173011,NA,NA,NA,NA,20,Correct,Fast,Accepted,HKJL,ClosedByInputThreshold,0,1,0.4,1000,2,1,Running,NA,0.5,1,0.25,0.5,0.9001627,1,Accepted,KeySequence,20
2020-05-08,10:42:51.5965,[gameevent],InputAccepted,3,11,11,NA,NA,NA,NA,1,3,NA,NA,NA,NA,NA,NA,NA,NA,NA,NA,NA,NA,NA,NA,0,1,0.4,1000,2,1,Running,NA,0.5,1,0.25,0.5,0.9001627,1,Accepted,KeySequence,20
2020-05-08,10:42:51.7950,InputWindowClosed,NA,3,11,11,NA,NA,NA,NA,1,3,NA,NA,NA,NA,NA,NA,NA,NA,NA,NA,NA,NA,NA,NA,0,1,0.4,1000,2,1,Running,NA,0.5,1,0.25,0.5,0.9001627,1,Accepted,KeySequence,20
2020-05-08,10:42:51.7960,[gameevent],Feedback,3,11,11,Failure,NA,NA,NA,1,4,NA,NA,NA,NA,NA,NA,NA,NA,NA,NA,NA,NA,NA,NA,0,1,0.4,1000,2,1,Running,NA,0.5,1,0.25,0.5,0.9001627,1,Accepted,KeySequence,20
2020-05-08,10:42:51.7960,DecisionRejectAllInput,NA,3,11,11,NA,NA,NA,NA,1,4,NA,NA,NA,NA,NA,NA,NA,NA,NA,NA,NA,NA,NA,NA,0,1,0.4,1000,2,1,Running,NA,0.4545455,1,0.25,0.4545455,0.9797915,1,Accepted,KeySequence,20
2020-05-08,10:42:54.5965,InputWindowOpen,NA,3,11,11,NA,NA,NA,NA,1,4,NA,NA,NA,NA,NA,NA,NA,NA,NA,NA,NA,NA,NA,NA,0,1,0.4,1000,2,1,Running,NA,0.4545455,1,0.25,0.4545455,0.9797915,1,Accepted,KeySequence,20
2020-05-08,10:42:54.5965,[gameevent],NextTrialStarted,3,12,12,NA,NA,NA,NA,1,4,NA,NA,NA,NA,NA,NA,NA,NA,NA,NA,NA,NA,NA,NA,0,1,0.4,1000,2,1,Running,NA,0.4545455,1,0.25,0.4545455,0.9797915,1,Accepted,KeySequence,20
2020-05-08,10:42:54.8132,KeyDown,NA,3,12,12,NA,NA,NA,NA,1,4,NA,H,0,0,0,CorrectKey,H,K,21,Correct,Fast,Accepted,HKJL,ClosedByInputThreshold,0,1,0.4,1000,2,1,Running,NA,0.4545455,1,0.25,0.4545455,0.9797915,1,Accepted,KeySequence,21
2020-05-08,10:42:55.0640,KeyDown,NA,3,12,12,NA,NA,NA,NA,1,4,NA,K,0.2496479,0.2496479,1,CorrectKey,H,K,21,Correct,Fast,Accepted,HKJL,ClosedByInputThreshold,0,1,0.4,1000,2,1,Running,NA,0.4545455,1,0.25,0.4545455,0.9797915,1,Accepted,KeySequence,21
2020-05-08,10:42:55.2982,KeyDown,NA,3,12,12,NA,NA,NA,NA,1,4,NA,J,0.4830188,0.2333709,2,CorrectKey,J,None,21,Correct,Fast,Accepted,HKJL,ClosedByInputThreshold,0,1,0.4,1000,2,1,Running,NA,0.4545455,1,0.25,0.4545455,0.9797915,1,Accepted,KeySequence,21
2020-05-08,10:42:55.4640,KeyDown,NA,3,12,12,NA,NA,NA,NA,1,4,NA,L,0.6501124,0.1670937,3,CorrectKey,L,None,21,Correct,Fast,Accepted,HKJL,ClosedByInputThreshold,0,1,0.4,1000,2,1,Running,NA,0.4545455,1,0.25,0.4545455,0.9797915,1,Accepted,KeySequence,21
2020-05-08,10:42:55.4650,KeySequenceStopped,NA,3,12,12,NA,NA,NA,NA,1,4,NA,NA,0.6667777,0.0166653,NA,NA,NA,NA,21,Correct,Fast,Accepted,HKJL,ClosedByInputThreshold,0,1,0.4,1000,2,1,Running,NA,0.4545455,1,0.25,0.4545455,0.9797915,1,Accepted,KeySequence,21
2020-05-08,10:42:55.4650,[gameevent],InputAccepted,3,12,12,NA,NA,NA,NA,1,4,NA,NA,NA,NA,NA,NA,NA,NA,NA,NA,NA,NA,NA,NA,0,1,0.4,1000,2,1,Running,NA,0.4545455,1,0.25,0.4545455,0.9797915,1,Accepted,KeySequence,21
2020-05-08,10:42:55.4660,InputWindowClosed,NA,3,12,12,NA,NA,NA,NA,1,4,NA,NA,NA,NA,NA,NA,NA,NA,NA,NA,NA,NA,NA,NA,0,1,0.4,1000,2,1,Running,NA,0.4545455,1,0.25,0.4545455,0.9797915,1,Accepted,KeySequence,21
2020-05-08,10:42:55.4661,DecisionAcceptAllInput,NA,3,12,12,NA,NA,NA,NA,1,4,NA,NA,NA,NA,NA,NA,NA,NA,NA,NA,NA,NA,NA,NA,0,1,0.4,1000,2,1,Running,NA,0.5,1,0.25,0.5,0.7881418,1,Accepted,KeySequence,21
2020-05-08,10:42:55.4671,[gameevent],Feedback,3,12,12,Success,NA,NA,NA,0,3,NA,NA,NA,NA,NA,NA,NA,NA,NA,NA,NA,NA,NA,NA,0,1,0.4,1000,2,1,Running,NA,0.5,1,0.25,0.5,0.7881418,1,Accepted,KeySequence,21
2020-05-08,10:42:57.7820,[gameevent],BlockEnded,3,12,12,NA,Win,2,1,NA,NA,L - Flathead Catfish,NA,NA,NA,NA,NA,NA,NA,NA,NA,NA,NA,NA,NA,0,1,0.4,1000,2,1,Running,NA,0.5,1,0.25,0.5,0.7881418,1,Accepted,KeySequence,21
2020-05-08,10:43:01.5174,[gameevent],HookMoved,NA,NA,NA,NA,NA,NA,NA,1,3,NA,NA,NA,NA,NA,NA,NA,NA,NA,NA,NA,NA,NA,NA,0,1,0.4,1000,2,1,Running,NA,0.5,1,0.25,0.5,0.7881418,1,Accepted,KeySequence,21
2020-05-08,10:43:01.2163,KeyDown,NA,NA,NA,NA,NA,NA,NA,NA,1,3,NA,RightArrow,0,0,NA,WrongKey,H,K,22,Mistyped,Slow,Rejected,HKJL,ClosedByDeadzone,0,1,0.4,1000,2,1,Running,NA,0.5,1,0.25,0.5,0.7881418,0,Rejected,KeySequence,22
2020-05-08,10:43:01.5163,KeyDown,NA,NA,NA,NA,NA,NA,NA,NA,1,3,NA,DownArrow,0.2998476,0.2998476,NA,WrongKey,H,K,22,Mistyped,Slow,Rejected,HKJL,ClosedByDeadzone,0,1,0.4,1000,2,1,Running,NA,0.5,1,0.25,0.5,0.7881418,0,Rejected,KeySequence,22
2020-05-08,10:43:02.2501,KeySequenceStopped,NA,NA,NA,NA,NA,NA,NA,NA,1,3,NA,NA,1.050274,0.7504267,NA,NA,NA,NA,22,Mistyped,Slow,Rejected,HKJL,ClosedByDeadzone,0,1,0.4,1000,2,1,Running,NA,0.5,1,0.25,0.5,0.7881418,0,Rejected,KeySequence,22
2020-05-08,10:43:03.6517,[gameevent],HookMoved,NA,NA,NA,NA,NA,NA,NA,2,3,NA,NA,NA,NA,NA,NA,NA,NA,NA,NA,NA,NA,NA,NA,0,1,0.4,1000,2,1,Running,NA,0.5,1,0.25,0.5,0.7881418,0,Rejected,KeySequence,22
2020-05-08,10:43:03.1670,KeyDown,NA,NA,NA,NA,NA,NA,NA,NA,2,3,NA,DownArrow,0,0,NA,WrongKey,H,K,23,Correct,Fast,Accepted,HKJL,ClosedByInputThreshold,0,1,0.4,1000,2,1,Running,NA,0.5,1,0.25,0.5,0.7881418,1,Accepted,KeySequence,23
2020-05-08,10:43:03.4342,KeyDown,NA,NA,NA,NA,NA,NA,NA,NA,2,3,NA,DownArrow,0.2667083,0.2667083,NA,WrongKey,H,K,23,Correct,Fast,Accepted,HKJL,ClosedByInputThreshold,0,1,0.4,1000,2,1,Running,NA,0.5,1,0.25,0.5,0.7881418,1,Accepted,KeySequence,23
2020-05-08,10:43:03.6512,KeyDown,NA,NA,NA,NA,NA,NA,NA,NA,2,3,NA,DownArrow,0.4836243,0.216916,NA,WrongKey,J,None,23,Correct,Fast,Accepted,HKJL,ClosedByInputThreshold,0,1,0.4,1000,2,1,Running,NA,0.5,1,0.25,0.5,0.7881418,1,Accepted,KeySequence,23
2020-05-08,10:43:03.9177,KeyDown,NA,NA,NA,NA,NA,NA,NA,NA,2,3,NA,DownArrow,0.750389,0.2667646,NA,WrongKey,L,None,23,Correct,Fast,Accepted,HKJL,ClosedByInputThreshold,0,1,0.4,1000,2,1,Running,NA,0.5,1,0.25,0.5,0.7881418,1,Accepted,KeySequence,23
2020-05-08,10:43:03.9183,KeySequenceStopped,NA,NA,NA,NA,NA,NA,NA,NA,2,3,NA,NA,0.7669594,0.0165704,NA,NA,NA,NA,23,Correct,Fast,Accepted,HKJL,ClosedByInputThreshold,0,1,0.4,1000,2,1,Running,NA,0.5,1,0.25,0.5,0.7881418,1,Accepted,KeySequence,23
2020-05-08,10:43:04.6192,[gameevent],HookMoved,NA,NA,NA,NA,NA,NA,NA,3,3,NA,NA,NA,NA,NA,NA,NA,NA,NA,NA,NA,NA,NA,NA,0,1,0.4,1000,2,1,Running,NA,0.5,1,0.25,0.5,0.7881418,1,Accepted,KeySequence,23
2020-05-08,10:43:04.2361,KeyDown,NA,NA,NA,NA,NA,NA,NA,NA,3,3,NA,DownArrow,0,0,NA,WrongKey,H,K,24,Mistyped,Slow,Rejected,HKJL,ClosedByDeadzone,0,1,0.4,1000,2,1,Running,NA,0.5,1,0.25,0.5,0.7881418,0,Rejected,KeySequence,24
2020-05-08,10:43:04.6183,KeyDown,NA,NA,NA,NA,NA,NA,NA,NA,3,3,NA,DownArrow,0.3839124,0.3839124,NA,WrongKey,H,K,24,Mistyped,Slow,Rejected,HKJL,ClosedByDeadzone,0,1,0.4,1000,2,1,Running,NA,0.5,1,0.25,0.5,0.7881418,0,Rejected,KeySequence,24
2020-05-08,10:43:05.3682,KeySequenceStopped,NA,NA,NA,NA,NA,NA,NA,NA,3,3,NA,NA,1.150446,0.7665341,NA,NA,NA,NA,24,Mistyped,Slow,Rejected,HKJL,ClosedByDeadzone,0,1,0.4,1000,2,1,Running,NA,0.5,1,0.25,0.5,0.7881418,0,Rejected,KeySequence,24
2020-05-08,10:43:06.7854,[gameevent],FishHooked,4,13,13,NA,NA,NA,NA,3,3,NA,NA,NA,NA,NA,NA,NA,NA,NA,NA,NA,NA,NA,NA,0,1,0.4,1000,2,1,Running,NA,0.5,1,0.25,0.5,0.7881418,0,Rejected,KeySequence,24
2020-05-08,10:43:08.7704,InputWindowOpen,NA,4,13,13,NA,NA,NA,NA,3,3,NA,NA,NA,NA,NA,NA,NA,NA,NA,NA,NA,NA,NA,NA,0,1,0.4,1000,2,1,Running,NA,0.5,1,0.25,0.5,0.7881418,0,Rejected,KeySequence,24
2020-05-08,10:43:08.7704,[gameevent],NextTrialStarted,4,13,13,NA,NA,NA,NA,3,3,NA,NA,NA,NA,NA,NA,NA,NA,NA,NA,NA,NA,NA,NA,0,1,0.4,1000,2,1,Running,NA,0.5,1,0.25,0.5,0.7881418,0,Rejected,KeySequence,24
2020-05-08,10:43:08.9703,KeyDown,NA,4,13,13,NA,NA,NA,NA,3,3,NA,H,0,0,0,CorrectKey,H,K,25,Correct,Fast,Accepted,HKJL,ClosedByInputThreshold,0,1,0.4,1000,2,1,Running,NA,0.5,1,0.25,0.5,0.7881418,1,Accepted,KeySequence,25
2020-05-08,10:43:09.1862,KeyDown,NA,4,13,13,NA,NA,NA,NA,3,3,NA,K,0.2170263,0.2170263,1,CorrectKey,H,K,25,Correct,Fast,Accepted,HKJL,ClosedByInputThreshold,0,1,0.4,1000,2,1,Running,NA,0.5,1,0.25,0.5,0.7881418,1,Accepted,KeySequence,25
2020-05-08,10:43:09.4032,KeyDown,NA,4,13,13,NA,NA,NA,NA,3,3,NA,J,0.4334464,0.2164201,2,CorrectKey,J,None,25,Correct,Fast,Accepted,HKJL,ClosedByInputThreshold,0,1,0.4,1000,2,1,Running,NA,0.5,1,0.25,0.5,0.7881418,1,Accepted,KeySequence,25
2020-05-08,10:43:09.6035,KeyDown,NA,4,13,13,NA,NA,NA,NA,3,3,NA,L,0.6335734,0.200127,3,CorrectKey,L,None,25,Correct,Fast,Accepted,HKJL,ClosedByInputThreshold,0,1,0.4,1000,2,1,Running,NA,0.5,1,0.25,0.5,0.7881418,1,Accepted,KeySequence,25
2020-05-08,10:43:09.6043,KeySequenceStopped,NA,4,13,13,NA,NA,NA,NA,3,3,NA,NA,0.6505844,0.017011,NA,NA,NA,NA,25,Correct,Fast,Accepted,HKJL,ClosedByInputThreshold,0,1,0.4,1000,2,1,Running,NA,0.5,1,0.25,0.5,0.7881418,1,Accepted,KeySequence,25
2020-05-08,10:43:09.6053,[gameevent],InputAccepted,4,13,13,NA,NA,NA,NA,3,3,NA,NA,NA,NA,NA,NA,NA,NA,NA,NA,NA,NA,NA,NA,0,1,0.4,1000,2,1,Running,NA,0.5,1,0.25,0.5,0.7881418,1,Accepted,KeySequence,25
2020-05-08,10:43:09.6053,InputWindowClosed,NA,4,13,13,NA,NA,NA,NA,3,3,NA,NA,NA,NA,NA,NA,NA,NA,NA,NA,NA,NA,NA,NA,0,1,0.4,1000,2,1,Running,NA,0.5,1,0.25,0.5,0.7881418,1,Accepted,KeySequence,25
2020-05-08,10:43:09.6053,DecisionAcceptAllInput,NA,4,13,13,NA,NA,NA,NA,3,3,NA,NA,NA,NA,NA,NA,NA,NA,NA,NA,NA,NA,NA,NA,0,1,0.4,1000,2,1,Running,NA,0.5384616,1,0.25,0.5384616,1.074476,1,Accepted,KeySequence,25
2020-05-08,10:43:09.6053,[gameevent],Feedback,4,13,13,Success,NA,NA,NA,2,3,NA,NA,NA,NA,NA,NA,NA,NA,NA,NA,NA,NA,NA,NA,0,1,0.4,1000,2,1,Running,NA,0.5384616,1,0.25,0.5384616,1.074476,1,Accepted,KeySequence,25
2020-05-08,10:43:12.4206,InputWindowOpen,NA,4,13,13,NA,NA,NA,NA,2,3,NA,NA,NA,NA,NA,NA,NA,NA,NA,NA,NA,NA,NA,NA,0,1,0.4,1000,2,1,Running,NA,0.5384616,1,0.25,0.5384616,1.074476,1,Accepted,KeySequence,25
2020-05-08,10:43:12.4212,[gameevent],NextTrialStarted,4,14,14,NA,NA,NA,NA,2,3,NA,NA,NA,NA,NA,NA,NA,NA,NA,NA,NA,NA,NA,NA,0,1,0.4,1000,2,1,Running,NA,0.5384616,1,0.25,0.5384616,1.074476,1,Accepted,KeySequence,25
2020-05-08,10:43:12.6548,KeyDown,NA,4,14,14,NA,NA,NA,NA,2,3,NA,H,0,0,0,CorrectKey,H,K,26,Correct,Fast,Accepted,HKJL,ClosedByInputThreshold,0,1,0.4,1000,2,1,Running,NA,0.5384616,1,0.25,0.5384616,1.074476,1,Accepted,KeySequence,26
2020-05-08,10:43:12.8550,KeyDown,NA,4,14,14,NA,NA,NA,NA,2,3,NA,K,0.2001296,0.2001296,1,CorrectKey,H,K,26,Correct,Fast,Accepted,HKJL,ClosedByInputThreshold,0,1,0.4,1000,2,1,Running,NA,0.5384616,1,0.25,0.5384616,1.074476,1,Accepted,KeySequence,26
2020-05-08,10:43:13.1208,KeyDown,NA,4,14,14,NA,NA,NA,NA,2,3,NA,J,0.4667128,0.2665832,2,CorrectKey,J,None,26,Correct,Fast,Accepted,HKJL,ClosedByInputThreshold,0,1,0.4,1000,2,1,Running,NA,0.5384616,1,0.25,0.5384616,1.074476,1,Accepted,KeySequence,26
2020-05-08,10:43:13.2545,KeyDown,NA,4,14,14,NA,NA,NA,NA,2,3,NA,L,0.600555,0.1338422,3,CorrectKey,L,None,26,Correct,Fast,Accepted,HKJL,ClosedByInputThreshold,0,1,0.4,1000,2,1,Running,NA,0.5384616,1,0.25,0.5384616,1.074476,1,Accepted,KeySequence,26
2020-05-08,10:43:13.2564,KeySequenceStopped,NA,4,14,14,NA,NA,NA,NA,2,3,NA,NA,0.6172433,0.0166883,NA,NA,NA,NA,26,Correct,Fast,Accepted,HKJL,ClosedByInputThreshold,0,1,0.4,1000,2,1,Running,NA,0.5384616,1,0.25,0.5384616,1.074476,1,Accepted,KeySequence,26
2020-05-08,10:43:13.2568,[gameevent],InputAccepted,4,14,14,NA,NA,NA,NA,2,3,NA,NA,NA,NA,NA,NA,NA,NA,NA,NA,NA,NA,NA,NA,0,1,0.4,1000,2,1,Running,NA,0.5384616,1,0.25,0.5384616,1.074476,1,Accepted,KeySequence,26
2020-05-08,10:43:13.4205,InputWindowClosed,NA,4,14,14,NA,NA,NA,NA,2,3,NA,NA,NA,NA,NA,NA,NA,NA,NA,NA,NA,NA,NA,NA,0,1,0.4,1000,2,1,Running,NA,0.5384616,1,0.25,0.5384616,1.074476,1,Accepted,KeySequence,26
2020-05-08,10:43:13.4210,[gameevent],Feedback,4,14,14,Failure,NA,NA,NA,2,4,NA,NA,NA,NA,NA,NA,NA,NA,NA,NA,NA,NA,NA,NA,0,1,0.4,1000,2,1,Running,NA,0.5384616,1,0.25,0.5384616,1.074476,1,Accepted,KeySequence,26
2020-05-08,10:43:13.4210,DecisionRejectAllInput,NA,4,14,14,NA,NA,NA,NA,2,4,NA,NA,NA,NA,NA,NA,NA,NA,NA,NA,NA,NA,NA,NA,0,1,0.4,1000,2,1,Running,NA,0.5,1,0.25,0.5,1.076599,1,Accepted,KeySequence,26
2020-05-08,10:43:16.2240,InputWindowOpen,NA,4,14,14,NA,NA,NA,NA,2,4,NA,NA,NA,NA,NA,NA,NA,NA,NA,NA,NA,NA,NA,NA,0,1,0.4,1000,2,1,Running,NA,0.5,1,0.25,0.5,1.076599,1,Accepted,KeySequence,26
2020-05-08,10:43:16.2243,[gameevent],NextTrialStarted,4,15,15,NA,NA,NA,NA,2,4,NA,NA,NA,NA,NA,NA,NA,NA,NA,NA,NA,NA,NA,NA,0,1,0.4,1000,2,1,Running,NA,0.5,1,0.25,0.5,1.076599,1,Accepted,KeySequence,26
2020-05-08,10:43:16.4727,KeyDown,NA,4,15,15,NA,NA,NA,NA,2,4,NA,H,0,0,0,CorrectKey,H,K,27,Correct,Fast,Accepted,HKJL,ClosedByInputThreshold,0,1,0.4,1000,2,1,Running,NA,0.5,1,0.25,0.5,1.076599,1,Accepted,KeySequence,27
2020-05-08,10:43:16.7061,KeyDown,NA,4,15,15,NA,NA,NA,NA,2,4,NA,K,0.2333252,0.2333252,1,CorrectKey,H,K,27,Correct,Fast,Accepted,HKJL,ClosedByInputThreshold,0,1,0.4,1000,2,1,Running,NA,0.5,1,0.25,0.5,1.076599,1,Accepted,KeySequence,27
2020-05-08,10:43:16.9394,KeyDown,NA,4,15,15,NA,NA,NA,NA,2,4,NA,J,0.4668492,0.233524,2,CorrectKey,J,None,27,Correct,Fast,Accepted,HKJL,ClosedByInputThreshold,0,1,0.4,1000,2,1,Running,NA,0.5,1,0.25,0.5,1.076599,1,Accepted,KeySequence,27
2020-05-08,10:43:17.0567,KeyDown,NA,4,15,15,NA,NA,NA,NA,2,4,NA,L,0.5838633,0.1170141,3,CorrectKey,L,None,27,Correct,Fast,Accepted,HKJL,ClosedByInputThreshold,0,1,0.4,1000,2,1,Running,NA,0.5,1,0.25,0.5,1.076599,1,Accepted,KeySequence,27
2020-05-08,10:43:17.0567,KeySequenceStopped,NA,4,15,15,NA,NA,NA,NA,2,4,NA,NA,0.6005496,0.0166864,NA,NA,NA,NA,27,Correct,Fast,Accepted,HKJL,ClosedByInputThreshold,0,1,0.4,1000,2,1,Running,NA,0.5,1,0.25,0.5,1.076599,1,Accepted,KeySequence,27
2020-05-08,10:43:17.0579,[gameevent],InputAccepted,4,15,15,NA,NA,NA,NA,2,4,NA,NA,NA,NA,NA,NA,NA,NA,NA,NA,NA,NA,NA,NA,0,1,0.4,1000,2,1,Running,NA,0.5,1,0.25,0.5,1.076599,1,Accepted,KeySequence,27
2020-05-08,10:43:17.2390,InputWindowClosed,NA,4,15,15,NA,NA,NA,NA,2,4,NA,NA,NA,NA,NA,NA,NA,NA,NA,NA,NA,NA,NA,NA,0,1,0.4,1000,2,1,Running,NA,0.5,1,0.25,0.5,1.076599,1,Accepted,KeySequence,27
2020-05-08,10:43:17.2399,[gameevent],Feedback,4,15,15,Failure,NA,NA,NA,2,5,NA,NA,NA,NA,NA,NA,NA,NA,NA,NA,NA,NA,NA,NA,0,1,0.4,1000,2,1,Running,NA,0.5,1,0.25,0.5,1.076599,1,Accepted,KeySequence,27
2020-05-08,10:43:17.2399,DecisionRejectAllInput,NA,4,15,15,NA,NA,NA,NA,2,5,NA,NA,NA,NA,NA,NA,NA,NA,NA,NA,NA,NA,NA,NA,0,1,0.4,1000,2,1,Running,NA,0.4666667,1,0.25,0.4666667,0.8055559,1,Accepted,KeySequence,27
2020-05-08,10:43:19.0070,KeyDown,NA,4,15,15,NA,NA,NA,NA,2,5,NA,DownArrow,0,0,NA,WrongKey,H,K,28,Mistyped,Fast,Accepted,HKJL,ClosedByDeadzone,0,1,0.4,1000,2,1,Running,NA,0.4666667,1,0.25,0.4666667,0.8055559,0,Rejected,KeySequence,28
2020-05-08,10:43:19.7403,KeySequenceStopped,NA,4,15,15,NA,NA,NA,NA,2,5,NA,NA,0.7501444,0.7501444,NA,NA,NA,NA,28,Mistyped,Fast,Accepted,HKJL,ClosedByDeadzone,0,1,0.4,1000,2,1,Running,NA,0.4666667,1,0.25,0.4666667,0.8055559,0,Rejected,KeySequence,28
2020-05-08,10:43:20.0572,InputWindowOpen,NA,4,15,15,NA,NA,NA,NA,2,5,NA,NA,NA,NA,NA,NA,NA,NA,NA,NA,NA,NA,NA,NA,0,1,0.4,1000,2,1,Running,NA,0.4666667,1,0.25,0.4666667,0.8055559,0,Rejected,KeySequence,28
2020-05-08,10:43:20.0572,[gameevent],NextTrialStarted,4,16,16,NA,NA,NA,NA,2,5,NA,NA,NA,NA,NA,NA,NA,NA,NA,NA,NA,NA,NA,NA,0,1,0.4,1000,2,1,Running,NA,0.4666667,1,0.25,0.4666667,0.8055559,0,Rejected,KeySequence,28
2020-05-08,10:43:20.3079,KeyDown,NA,4,16,16,NA,NA,NA,NA,2,5,NA,H,0,0,0,CorrectKey,H,K,29,Correct,Fast,Accepted,HKJL,ClosedByInputThreshold,0,1,0.4,1000,2,1,Running,NA,0.4666667,1,0.25,0.4666667,0.8055559,1,Accepted,KeySequence,29
2020-05-08,10:43:20.5410,KeyDown,NA,4,16,16,NA,NA,NA,NA,2,5,NA,K,0.233242,0.233242,1,CorrectKey,H,K,29,Correct,Fast,Accepted,HKJL,ClosedByInputThreshold,0,1,0.4,1000,2,1,Running,NA,0.4666667,1,0.25,0.4666667,0.8055559,1,Accepted,KeySequence,29
2020-05-08,10:43:20.7742,KeyDown,NA,4,16,16,NA,NA,NA,NA,2,5,NA,J,0.4666287,0.2333867,2,CorrectKey,J,None,29,Correct,Fast,Accepted,HKJL,ClosedByInputThreshold,0,1,0.4,1000,2,1,Running,NA,0.4666667,1,0.25,0.4666667,0.8055559,1,Accepted,KeySequence,29
2020-05-08,10:43:20.9241,KeyDown,NA,4,16,16,NA,NA,NA,NA,2,5,NA,L,0.6168487,0.15022,3,CorrectKey,L,None,29,Correct,Fast,Accepted,HKJL,ClosedByInputThreshold,0,1,0.4,1000,2,1,Running,NA,0.4666667,1,0.25,0.4666667,0.8055559,1,Accepted,KeySequence,29
2020-05-08,10:43:20.9251,KeySequenceStopped,NA,4,16,16,NA,NA,NA,NA,2,5,NA,NA,0.6335415,0.0166928,NA,NA,NA,NA,29,Correct,Fast,Accepted,HKJL,ClosedByInputThreshold,0,1,0.4,1000,2,1,Running,NA,0.4666667,1,0.25,0.4666667,0.8055559,1,Accepted,KeySequence,29
2020-05-08,10:43:20.9262,[gameevent],InputAccepted,4,16,16,NA,NA,NA,NA,2,5,NA,NA,NA,NA,NA,NA,NA,NA,NA,NA,NA,NA,NA,NA,0,1,0.4,1000,2,1,Running,NA,0.4666667,1,0.25,0.4666667,0.8055559,1,Accepted,KeySequence,29
2020-05-08,10:43:20.9262,InputWindowClosed,NA,4,16,16,NA,NA,NA,NA,2,5,NA,NA,NA,NA,NA,NA,NA,NA,NA,NA,NA,NA,NA,NA,0,1,0.4,1000,2,1,Running,NA,0.4666667,1,0.25,0.4666667,0.8055559,1,Accepted,KeySequence,29
2020-05-08,10:43:20.9262,DecisionAcceptAllInput,NA,4,16,16,NA,NA,NA,NA,2,5,NA,NA,NA,NA,NA,NA,NA,NA,NA,NA,NA,NA,NA,NA,0,1,0.4,1000,2,1,Running,NA,0.5,1,0.25,0.5,1.074278,1,Accepted,KeySequence,29
2020-05-08,10:43:20.9262,[gameevent],Feedback,4,16,16,Success,NA,NA,NA,1,5,NA,NA,NA,NA,NA,NA,NA,NA,NA,NA,NA,NA,NA,NA,0,1,0.4,1000,2,1,Running,NA,0.5,1,0.25,0.5,1.074278,1,Accepted,KeySequence,29
2020-05-08,10:43:22.4086,KeyDown,NA,4,16,16,NA,NA,NA,NA,1,5,NA,DownArrow,0,0,NA,WrongKey,H,K,30,Mistyped,Fast,Accepted,HKJL,ClosedByDeadzone,0,1,0.4,1000,2,1,Running,NA,0.5,1,0.25,0.5,1.074278,0,Rejected,KeySequence,30
2020-05-08,10:43:23.1425,KeySequenceStopped,NA,4,16,16,NA,NA,NA,NA,1,5,NA,NA,0.7505004,0.7505004,NA,NA,NA,NA,30,Mistyped,Fast,Accepted,HKJL,ClosedByDeadzone,0,1,0.4,1000,2,1,Running,NA,0.5,1,0.25,0.5,1.074278,0,Rejected,KeySequence,30
2020-05-08,10:43:23.7428,InputWindowOpen,NA,4,16,16,NA,NA,NA,NA,1,5,NA,NA,NA,NA,NA,NA,NA,NA,NA,NA,NA,NA,NA,NA,0,1,0.4,1000,2,1,Running,NA,0.5,1,0.25,0.5,1.074278,0,Rejected,KeySequence,30
2020-05-08,10:43:23.7428,[gameevent],NextTrialStarted,4,17,17,NA,NA,NA,NA,1,5,NA,NA,NA,NA,NA,NA,NA,NA,NA,NA,NA,NA,NA,NA,0,1,0.4,1000,2,1,Running,NA,0.5,1,0.25,0.5,1.074278,0,Rejected,KeySequence,30
2020-05-08,10:43:23.9755,KeyDown,NA,4,17,17,NA,NA,NA,NA,1,5,NA,H,0,0,0,CorrectKey,H,K,31,Correct,Fast,Accepted,HKJL,ClosedByInputThreshold,0,1,0.4,1000,2,1,Running,NA,0.5,1,0.25,0.5,1.074278,1,Accepted,KeySequence,31
2020-05-08,10:43:24.1451,KeyDown,NA,4,17,17,NA,NA,NA,NA,1,5,NA,K,0.1662433,0.1662433,1,CorrectKey,H,K,31,Correct,Fast,Accepted,HKJL,ClosedByInputThreshold,0,1,0.4,1000,2,1,Running,NA,0.5,1,0.25,0.5,1.074278,1,Accepted,KeySequence,31
2020-05-08,10:43:24.4082,KeyDown,NA,4,17,17,NA,NA,NA,NA,1,5,NA,J,0.4329691,0.2667258,2,CorrectKey,J,None,31,Correct,Fast,Accepted,HKJL,ClosedByInputThreshold,0,1,0.4,1000,2,1,Running,NA,0.5,1,0.25,0.5,1.074278,1,Accepted,KeySequence,31
2020-05-08,10:43:24.6092,KeyDown,NA,4,17,17,NA,NA,NA,NA,1,5,NA,L,0.6336586,0.2006896,3,CorrectKey,L,None,31,Correct,Fast,Accepted,HKJL,ClosedByInputThreshold,0,1,0.4,1000,2,1,Running,NA,0.5,1,0.25,0.5,1.074278,1,Accepted,KeySequence,31
2020-05-08,10:43:24.6098,KeySequenceStopped,NA,4,17,17,NA,NA,NA,NA,1,5,NA,NA,0.6504161,0.0167575,NA,NA,NA,NA,31,Correct,Fast,Accepted,HKJL,ClosedByInputThreshold,0,1,0.4,1000,2,1,Running,NA,0.5,1,0.25,0.5,1.074278,1,Accepted,KeySequence,31
2020-05-08,10:43:24.6098,[gameevent],InputAccepted,4,17,17,NA,NA,NA,NA,1,5,NA,NA,NA,NA,NA,NA,NA,NA,NA,NA,NA,NA,NA,NA,0,1,0.4,1000,2,1,Running,NA,0.5,1,0.25,0.5,1.074278,1,Accepted,KeySequence,31
2020-05-08,10:43:24.7428,InputWindowClosed,NA,4,17,17,NA,NA,NA,NA,1,5,NA,NA,NA,NA,NA,NA,NA,NA,NA,NA,NA,NA,NA,NA,0,1,0.4,1000,2,1,Running,NA,0.5,1,0.25,0.5,1.074278,1,Accepted,KeySequence,31
2020-05-08,10:43:24.7428,[gameevent],Feedback,4,17,17,Failure,NA,NA,NA,1,6,NA,NA,NA,NA,NA,NA,NA,NA,NA,NA,NA,NA,NA,NA,0,1,0.4,1000,2,1,Running,NA,0.5,1,0.25,0.5,1.074278,1,Accepted,KeySequence,31
2020-05-08,10:43:24.7428,DecisionRejectAllInput,NA,4,17,17,NA,NA,NA,NA,1,6,NA,NA,NA,NA,NA,NA,NA,NA,NA,NA,NA,NA,NA,NA,0,1,0.4,1000,2,1,Running,NA,0.4705882,1,0.25,0.4705882,0.9954951,1,Accepted,KeySequence,31
2020-05-08,10:43:25.5441,[gameevent],BlockEnded,4,17,17,NA,Loss,2,2,NA,NA,NA,NA,NA,NA,NA,NA,NA,NA,NA,NA,NA,NA,NA,NA,0,1,0.4,1000,2,1,Running,NA,0.4705882,1,0.25,0.4705882,0.9954951,1,Accepted,KeySequence,31
2020-05-08,10:43:27.0278,KeyDown,NA,NA,NA,NA,NA,NA,NA,NA,NA,NA,NA,DownArrow,0,0,NA,WrongKey,H,K,32,Mistyped,Fast,Accepted,HKJL,ClosedByDeadzone,0,1,0.4,1000,2,1,Running,NA,0.4705882,1,0.25,0.4705882,0.9954951,0,Rejected,KeySequence,32
2020-05-08,10:43:27.7611,KeySequenceStopped,NA,NA,NA,NA,NA,NA,NA,NA,NA,NA,NA,NA,0.7503666,0.7503666,NA,NA,NA,NA,32,Mistyped,Fast,Accepted,HKJL,ClosedByDeadzone,0,1,0.4,1000,2,1,Running,NA,0.4705882,1,0.25,0.4705882,0.9954951,0,Rejected,KeySequence,32
2020-05-08,10:43:27.9611,[gameevent],HookMoved,NA,NA,NA,NA,NA,NA,NA,1,3,NA,NA,NA,NA,NA,NA,NA,NA,NA,NA,NA,NA,NA,NA,0,1,0.4,1000,2,1,Running,NA,0.4705882,1,0.25,0.4705882,0.9954951,0,Rejected,KeySequence,32
2020-05-08,10:43:27.9611,KeyDown,NA,NA,NA,NA,NA,NA,NA,NA,1,3,NA,DownArrow,0,0,NA,WrongKey,H,K,33,Correct,Slow,Accepted,HKJL,ClosedByInputThreshold,0,1,0.4,1000,2,1,Running,NA,0.4705882,1,0.25,0.4705882,0.9954951,1,Accepted,KeySequence,33
2020-05-08,10:43:28.3442,KeyDown,NA,NA,NA,NA,NA,NA,NA,NA,1,3,NA,DownArrow,0.3836587,0.3836587,NA,WrongKey,H,K,33,Correct,Slow,Accepted,HKJL,ClosedByInputThreshold,0,1,0.4,1000,2,1,Running,NA,0.4705882,1,0.25,0.4705882,0.9954951,1,Accepted,KeySequence,33
2020-05-08,10:43:29.0613,KeyDown,NA,NA,NA,NA,NA,NA,NA,NA,1,3,NA,DownArrow,1.100523,0.7168642,NA,WrongKey,J,None,33,Correct,Slow,Accepted,HKJL,ClosedByInputThreshold,0,1,0.4,1000,2,1,Running,NA,0.4705882,1,0.25,0.4705882,0.9954951,1,Accepted,KeySequence,33
2020-05-08,10:43:29.4449,KeyDown,NA,NA,NA,NA,NA,NA,NA,NA,1,3,NA,DownArrow,1.483857,0.3833337,NA,WrongKey,L,None,33,Correct,Slow,Accepted,HKJL,ClosedByInputThreshold,0,1,0.4,1000,2,1,Running,NA,0.4705882,1,0.25,0.4705882,0.9954951,1,Accepted,KeySequence,33
2020-05-08,10:43:29.4449,KeySequenceStopped,NA,NA,NA,NA,NA,NA,NA,NA,1,3,NA,NA,1.500794,0.0169373,NA,NA,NA,NA,33,Correct,Slow,Accepted,HKJL,ClosedByInputThreshold,0,1,0.4,1000,2,1,Running,NA,0.4705882,1,0.25,0.4705882,0.9954951,1,Accepted,KeySequence,33
2020-05-08,10:43:29.8772,KeyDown,NA,NA,NA,NA,NA,NA,NA,NA,1,3,NA,DownArrow,0,0,NA,WrongKey,H,K,34,Mistyped,Fast,Accepted,HKJL,ClosedByDeadzone,0,1,0.4,1000,2,1,Running,NA,0.4705882,1,0.25,0.4705882,0.9954951,0,Rejected,KeySequence,34
2020-05-08,10:43:30.6111,KeySequenceStopped,NA,NA,NA,NA,NA,NA,NA,NA,1,3,NA,NA,0.7502457,0.7502457,NA,NA,NA,NA,34,Mistyped,Fast,Accepted,HKJL,ClosedByDeadzone,0,1,0.4,1000,2,1,Running,NA,0.4705882,1,0.25,0.4705882,0.9954951,0,Rejected,KeySequence,34
2020-05-08,10:43:31.0125,[gameevent],HookMoved,NA,NA,NA,NA,NA,NA,NA,2,3,NA,NA,NA,NA,NA,NA,NA,NA,NA,NA,NA,NA,NA,NA,0,1,0.4,1000,2,1,Running,NA,0.4705882,1,0.25,0.4705882,0.9954951,0,Rejected,KeySequence,34
2020-05-08,10:43:31.0115,KeyDown,NA,NA,NA,NA,NA,NA,NA,NA,2,3,NA,DownArrow,0,0,NA,WrongKey,H,K,35,Mistyped,Fast,Accepted,HKJL,ClosedByDeadzone,0,1,0.4,1000,2,1,Running,NA,0.4705882,1,0.25,0.4705882,0.9954951,0,Rejected,KeySequence,35
2020-05-08,10:43:31.7461,KeySequenceStopped,NA,NA,NA,NA,NA,NA,NA,NA,2,3,NA,NA,0.7505502,0.7505502,NA,NA,NA,NA,35,Mistyped,Fast,Accepted,HKJL,ClosedByDeadzone,0,1,0.4,1000,2,1,Running,NA,0.4705882,1,0.25,0.4705882,0.9954951,0,Rejected,KeySequence,35
2020-05-08,10:43:34.5467,[gameevent],FishHooked,5,18,18,NA,NA,NA,NA,2,3,NA,NA,NA,NA,NA,NA,NA,NA,NA,NA,NA,NA,NA,NA,0,1,0.4,1000,2,1,Running,NA,0.4705882,1,0.25,0.4705882,0.9954951,0,Rejected,KeySequence,35
2020-05-08,10:43:36.5312,InputWindowOpen,NA,5,18,18,NA,NA,NA,NA,2,3,NA,NA,NA,NA,NA,NA,NA,NA,NA,NA,NA,NA,NA,NA,0,1,0.4,1000,2,1,Running,NA,0.4705882,1,0.25,0.4705882,0.9954951,0,Rejected,KeySequence,35
2020-05-08,10:43:36.5312,[gameevent],NextTrialStarted,5,18,18,NA,NA,NA,NA,2,3,NA,NA,NA,NA,NA,NA,NA,NA,NA,NA,NA,NA,NA,NA,0,1,0.4,1000,2,1,Running,NA,0.4705882,1,0.25,0.4705882,0.9954951,0,Rejected,KeySequence,35
2020-05-08,10:43:36.7813,KeyDown,NA,5,18,18,NA,NA,NA,NA,2,3,NA,H,0,0,0,CorrectKey,H,K,36,Correct,Fast,Accepted,HKJL,ClosedByInputThreshold,0,1,0.4,1000,2,1,Running,NA,0.4705882,1,0.25,0.4705882,0.9954951,1,Accepted,KeySequence,36
2020-05-08,10:43:37.0481,KeyDown,NA,5,18,18,NA,NA,NA,NA,2,3,NA,K,0.2669078,0.2669078,1,CorrectKey,H,K,36,Correct,Fast,Accepted,HKJL,ClosedByInputThreshold,0,1,0.4,1000,2,1,Running,NA,0.4705882,1,0.25,0.4705882,0.9954951,1,Accepted,KeySequence,36
2020-05-08,10:43:37.2813,KeyDown,NA,5,18,18,NA,NA,NA,NA,2,3,NA,J,0.5003772,0.2334694,2,CorrectKey,J,None,36,Correct,Fast,Accepted,HKJL,ClosedByInputThreshold,0,1,0.4,1000,2,1,Running,NA,0.4705882,1,0.25,0.4705882,0.9954951,1,Accepted,KeySequence,36
2020-05-08,10:43:37.4819,KeyDown,NA,5,18,18,NA,NA,NA,NA,2,3,NA,L,0.7011064,0.2007292,3,CorrectKey,L,None,36,Correct,Fast,Accepted,HKJL,ClosedByInputThreshold,0,1,0.4,1000,2,1,Running,NA,0.4705882,1,0.25,0.4705882,0.9954951,1,Accepted,KeySequence,36
2020-05-08,10:43:37.4825,KeySequenceStopped,NA,5,18,18,NA,NA,NA,NA,2,3,NA,NA,0.7176524,0.016546,NA,NA,NA,NA,36,Correct,Fast,Accepted,HKJL,ClosedByInputThreshold,0,1,0.4,1000,2,1,Running,NA,0.4705882,1,0.25,0.4705882,0.9954951,1,Accepted,KeySequence,36
2020-05-08,10:43:37.4829,[gameevent],InputAccepted,5,18,18,NA,NA,NA,NA,2,3,NA,NA,NA,NA,NA,NA,NA,NA,NA,NA,NA,NA,NA,NA,0,1,0.4,1000,2,1,Running,NA,0.4705882,1,0.25,0.4705882,0.9954951,1,Accepted,KeySequence,36
2020-05-08,10:43:37.5324,InputWindowClosed,NA,5,18,18,NA,NA,NA,NA,2,3,NA,NA,NA,NA,NA,NA,NA,NA,NA,NA,NA,NA,NA,NA,0,1,0.4,1000,2,1,Running,NA,0.4705882,1,0.25,0.4705882,0.9954951,1,Accepted,KeySequence,36
2020-05-08,10:43:37.5331,[gameevent],Feedback,5,18,18,Failure,NA,NA,NA,2,2,NA,NA,NA,NA,NA,NA,NA,NA,NA,NA,NA,NA,NA,NA,0,1,0.4,1000,2,1,Running,NA,0.4705882,1,0.25,0.4705882,0.9954951,1,Accepted,KeySequence,36
2020-05-08,10:43:37.5351,DecisionRejectAllInput,NA,5,18,18,NA,NA,NA,NA,2,2,NA,NA,NA,NA,NA,NA,NA,NA,NA,NA,NA,NA,NA,NA,0,1,0.4,1000,2,1,Running,NA,0.4444444,1,0.25,0.4444444,0.8330989,1,Accepted,KeySequence,36
2020-05-08,10:43:38.4821,KeyDown,NA,5,18,18,NA,NA,NA,NA,2,2,NA,DownArrow,0,0,NA,WrongKey,H,K,37,Mistyped,Fast,Accepted,HKJL,ClosedByDeadzone,0,1,0.4,1000,2,1,Running,NA,0.4444444,1,0.25,0.4444444,0.8330989,0,Rejected,KeySequence,37
2020-05-08,10:43:39.2141,KeySequenceStopped,NA,5,18,18,NA,NA,NA,NA,2,2,NA,NA,0.7500558,0.7500558,NA,NA,NA,NA,37,Mistyped,Fast,Accepted,HKJL,ClosedByDeadzone,0,1,0.4,1000,2,1,Running,NA,0.4444444,1,0.25,0.4444444,0.8330989,0,Rejected,KeySequence,37
2020-05-08,10:43:40.3655,InputWindowOpen,NA,5,18,18,NA,NA,NA,NA,2,2,NA,NA,NA,NA,NA,NA,NA,NA,NA,NA,NA,NA,NA,NA,0,1,0.4,1000,2,1,Running,NA,0.4444444,1,0.25,0.4444444,0.8330989,0,Rejected,KeySequence,37
2020-05-08,10:43:40.3661,[gameevent],NextTrialStarted,5,19,19,NA,NA,NA,NA,2,2,NA,NA,NA,NA,NA,NA,NA,NA,NA,NA,NA,NA,NA,NA,0,1,0.4,1000,2,1,Running,NA,0.4444444,1,0.25,0.4444444,0.8330989,0,Rejected,KeySequence,37
2020-05-08,10:43:40.6819,KeyDown,NA,5,19,19,NA,NA,NA,NA,2,2,NA,H,0,0,0,CorrectKey,H,K,38,Correct,Fast,Accepted,HKJL,ClosedByInputThreshold,0,1,0.4,1000,2,1,Running,NA,0.4444444,1,0.25,0.4444444,0.8330989,1,Accepted,KeySequence,38
2020-05-08,10:43:40.8823,KeyDown,NA,5,19,19,NA,NA,NA,NA,2,2,NA,K,0.2000242,0.2000242,1,CorrectKey,H,K,38,Correct,Fast,Accepted,HKJL,ClosedByInputThreshold,0,1,0.4,1000,2,1,Running,NA,0.4444444,1,0.25,0.4444444,0.8330989,1,Accepted,KeySequence,38
2020-05-08,10:43:41.0831,KeyDown,NA,5,19,19,NA,NA,NA,NA,2,2,NA,J,0.4000648,0.2000406,2,CorrectKey,J,None,38,Correct,Fast,Accepted,HKJL,ClosedByInputThreshold,0,1,0.4,1000,2,1,Running,NA,0.4444444,1,0.25,0.4444444,0.8330989,1,Accepted,KeySequence,38
2020-05-08,10:43:41.2329,KeyDown,NA,5,19,19,NA,NA,NA,NA,2,2,NA,L,0.5504985,0.1504337,3,CorrectKey,L,None,38,Correct,Fast,Accepted,HKJL,ClosedByInputThreshold,0,1,0.4,1000,2,1,Running,NA,0.4444444,1,0.25,0.4444444,0.8330989,1,Accepted,KeySequence,38
2020-05-08,10:43:41.2329,KeySequenceStopped,NA,5,19,19,NA,NA,NA,NA,2,2,NA,NA,0.5672472,0.0167487,NA,NA,NA,NA,38,Correct,Fast,Accepted,HKJL,ClosedByInputThreshold,0,1,0.4,1000,2,1,Running,NA,0.4444444,1,0.25,0.4444444,0.8330989,1,Accepted,KeySequence,38
2020-05-08,10:43:41.2339,[gameevent],InputAccepted,5,19,19,NA,NA,NA,NA,2,2,NA,NA,NA,NA,NA,NA,NA,NA,NA,NA,NA,NA,NA,NA,0,1,0.4,1000,2,1,Running,NA,0.4444444,1,0.25,0.4444444,0.8330989,1,Accepted,KeySequence,38
2020-05-08,10:43:41.2339,InputWindowClosed,NA,5,19,19,NA,NA,NA,NA,2,2,NA,NA,NA,NA,NA,NA,NA,NA,NA,NA,NA,NA,NA,NA,0,1,0.4,1000,2,1,Running,NA,0.4444444,1,0.25,0.4444444,0.8330989,1,Accepted,KeySequence,38
2020-05-08,10:43:41.2339,DecisionAcceptAllInput,NA,5,19,19,NA,NA,NA,NA,2,2,NA,NA,NA,NA,NA,NA,NA,NA,NA,NA,NA,NA,NA,NA,0,1,0.4,1000,2,1,Running,NA,0.4736842,1,0.25,0.4736842,0.8644017,1,Accepted,KeySequence,38
2020-05-08,10:43:41.2339,[gameevent],Feedback,5,19,19,Success,NA,NA,NA,1,2,NA,NA,NA,NA,NA,NA,NA,NA,NA,NA,NA,NA,NA,NA,0,1,0.4,1000,2,1,Running,NA,0.4736842,1,0.25,0.4736842,0.8644017,1,Accepted,KeySequence,38
2020-05-08,10:43:42.6161,KeyDown,NA,5,19,19,NA,NA,NA,NA,1,2,NA,DownArrow,0,0,NA,WrongKey,H,K,39,Mistyped,Fast,Accepted,HKJL,ClosedByDeadzone,0,1,0.4,1000,2,1,Running,NA,0.4736842,1,0.25,0.4736842,0.8644017,0,Rejected,KeySequence,39
2020-05-08,10:43:43.3502,KeySequenceStopped,NA,5,19,19,NA,NA,NA,NA,1,2,NA,NA,0.7503152,0.7503152,NA,NA,NA,NA,39,Mistyped,Fast,Accepted,HKJL,ClosedByDeadzone,0,1,0.4,1000,2,1,Running,NA,0.4736842,1,0.25,0.4736842,0.8644017,0,Rejected,KeySequence,39
2020-05-08,10:43:44.0343,InputWindowOpen,NA,5,19,19,NA,NA,NA,NA,1,2,NA,NA,NA,NA,NA,NA,NA,NA,NA,NA,NA,NA,NA,NA,0,1,0.4,1000,2,1,Running,NA,0.4736842,1,0.25,0.4736842,0.8644017,0,Rejected,KeySequence,39
2020-05-08,10:43:44.0343,[gameevent],NextTrialStarted,5,20,20,NA,NA,NA,NA,1,2,NA,NA,NA,NA,NA,NA,NA,NA,NA,NA,NA,NA,NA,NA,0,1,0.4,1000,2,1,Running,NA,0.4736842,1,0.25,0.4736842,0.8644017,0,Rejected,KeySequence,39
2020-05-08,10:43:44.3680,KeyDown,NA,5,20,20,NA,NA,NA,NA,1,2,NA,H,0,0,0,CorrectKey,H,K,40,Correct,Fast,Accepted,HKJL,ClosedByInputThreshold,0,1,0.4,1000,2,1,Running,NA,0.4736842,1,0.25,0.4736842,0.8644017,1,Accepted,KeySequence,40
2020-05-08,10:43:44.5669,KeyDown,NA,5,20,20,NA,NA,NA,NA,1,2,NA,K,0.1998625,0.1998625,1,CorrectKey,H,K,40,Correct,Fast,Accepted,HKJL,ClosedByInputThreshold,0,1,0.4,1000,2,1,Running,NA,0.4736842,1,0.25,0.4736842,0.8644017,1,Accepted,KeySequence,40
2020-05-08,10:43:44.7509,KeyDown,NA,5,20,20,NA,NA,NA,NA,1,2,NA,J,0.3833564,0.1834939,2,CorrectKey,J,None,40,Correct,Fast,Accepted,HKJL,ClosedByInputThreshold,0,1,0.4,1000,2,1,Running,NA,0.4736842,1,0.25,0.4736842,0.8644017,1,Accepted,KeySequence,40
2020-05-08,10:43:44.9183,KeyDown,NA,5,20,20,NA,NA,NA,NA,1,2,NA,L,0.5502359,0.1668795,3,CorrectKey,L,None,40,Correct,Fast,Accepted,HKJL,ClosedByInputThreshold,0,1,0.4,1000,2,1,Running,NA,0.4736842,1,0.25,0.4736842,0.8644017,1,Accepted,KeySequence,40
2020-05-08,10:43:44.9193,KeySequenceStopped,NA,5,20,20,NA,NA,NA,NA,1,2,NA,NA,0.5671896,0.0169537,NA,NA,NA,NA,40,Correct,Fast,Accepted,HKJL,ClosedByInputThreshold,0,1,0.4,1000,2,1,Running,NA,0.4736842,1,0.25,0.4736842,0.8644017,1,Accepted,KeySequence,40
2020-05-08,10:43:44.9193,[gameevent],InputAccepted,5,20,20,NA,NA,NA,NA,1,2,NA,NA,NA,NA,NA,NA,NA,NA,NA,NA,NA,NA,NA,NA,0,1,0.4,1000,2,1,Running,NA,0.4736842,1,0.25,0.4736842,0.8644017,1,Accepted,KeySequence,40
2020-05-08,10:43:44.9193,InputWindowClosed,NA,5,20,20,NA,NA,NA,NA,1,2,NA,NA,NA,NA,NA,NA,NA,NA,NA,NA,NA,NA,NA,NA,0,1,0.4,1000,2,1,Running,NA,0.4736842,1,0.25,0.4736842,0.8644017,1,Accepted,KeySequence,40
2020-05-08,10:43:44.9204,DecisionAcceptAllInput,NA,5,20,20,NA,NA,NA,NA,1,2,NA,NA,NA,NA,NA,NA,NA,NA,NA,NA,NA,NA,NA,NA,0,1,0.4,1000,2,1,Running,NA,0.5,1,0.25,0.5,1.050075,1,Accepted,KeySequence,40
2020-05-08,10:43:44.9204,[gameevent],Feedback,5,20,20,Success,NA,NA,NA,0,3,NA,NA,NA,NA,NA,NA,NA,NA,NA,NA,NA,NA,NA,NA,0,1,0.4,1000,2,1,Running,NA,0.5,1,0.25,0.5,1.050075,1,Accepted,KeySequence,40
2020-05-08,10:43:47.2520,[gameevent],BlockEnded,5,20,20,NA,Win,3,2,NA,NA,M - Rainbow Trout,NA,NA,NA,NA,NA,NA,NA,NA,NA,NA,NA,NA,NA,0,1,0.4,1000,2,1,Running,NA,0.5,1,0.25,0.5,1.050075,1,Accepted,KeySequence,40
2020-05-08,10:43:49.8030,[gameevent],HookMoved,NA,NA,NA,NA,NA,NA,NA,1,3,NA,NA,NA,NA,NA,NA,NA,NA,NA,NA,NA,NA,NA,NA,0,1,0.4,1000,2,1,Running,NA,0.5,1,0.25,0.5,1.050075,1,Accepted,KeySequence,40
2020-05-08,10:43:49.8030,KeyDown,NA,NA,NA,NA,NA,NA,NA,NA,1,3,NA,DownArrow,0,0,NA,WrongKey,H,K,41,Correct,Fast,Accepted,HKJL,ClosedByInputThreshold,0,1,0.4,1000,2,1,Running,NA,0.5,1,0.25,0.5,1.050075,1,Accepted,KeySequence,41
2020-05-08,10:43:50.3029,KeyDown,NA,NA,NA,NA,NA,NA,NA,NA,1,3,NA,DownArrow,0.5000948,0.5000948,NA,WrongKey,H,K,41,Correct,Fast,Accepted,HKJL,ClosedByInputThreshold,0,1,0.4,1000,2,1,Running,NA,0.5,1,0.25,0.5,1.050075,1,Accepted,KeySequence,41
2020-05-08,10:43:50.3361,KeyDown,NA,NA,NA,NA,NA,NA,NA,NA,1,3,NA,DownArrow,0.533585,0.0334901,NA,WrongKey,J,None,41,Correct,Fast,Accepted,HKJL,ClosedByInputThreshold,0,1,0.4,1000,2,1,Running,NA,0.5,1,0.25,0.5,1.050075,1,Accepted,KeySequence,41
2020-05-08,10:43:50.3699,KeyDown,NA,NA,NA,NA,NA,NA,NA,NA,1,3,NA,DownArrow,0.5667911,0.0332062,NA,WrongKey,L,None,41,Correct,Fast,Accepted,HKJL,ClosedByInputThreshold,0,1,0.4,1000,2,1,Running,NA,0.5,1,0.25,0.5,1.050075,1,Accepted,KeySequence,41
2020-05-08,10:43:50.3699,KeySequenceStopped,NA,NA,NA,NA,NA,NA,NA,NA,1,3,NA,NA,0.5837238,0.0169327,NA,NA,NA,NA,41,Correct,Fast,Accepted,HKJL,ClosedByInputThreshold,0,1,0.4,1000,2,1,Running,NA,0.5,1,0.25,0.5,1.050075,1,Accepted,KeySequence,41
2020-05-08,10:43:50.4028,KeyDown,NA,NA,NA,NA,NA,NA,NA,NA,1,3,NA,DownArrow,0,0,NA,WrongKey,H,K,42,Correct,Fast,Accepted,HKJL,ClosedByInputThreshold,0,1,0.4,1000,2,1,Running,NA,0.5,1,0.25,0.5,1.050075,1,Accepted,KeySequence,42
2020-05-08,10:43:50.4360,KeyDown,NA,NA,NA,NA,NA,NA,NA,NA,1,3,NA,DownArrow,0.0335633,0.0335633,NA,WrongKey,H,K,42,Correct,Fast,Accepted,HKJL,ClosedByInputThreshold,0,1,0.4,1000,2,1,Running,NA,0.5,1,0.25,0.5,1.050075,1,Accepted,KeySequence,42
2020-05-08,10:43:50.4702,KeyDown,NA,NA,NA,NA,NA,NA,NA,NA,1,3,NA,DownArrow,0.0668202,0.0332569,NA,WrongKey,J,None,42,Correct,Fast,Accepted,HKJL,ClosedByInputThreshold,0,1,0.4,1000,2,1,Running,NA,0.5,1,0.25,0.5,1.050075,1,Accepted,KeySequence,42
2020-05-08,10:43:50.5033,KeyDown,NA,NA,NA,NA,NA,NA,NA,NA,1,3,NA,DownArrow,0.1000255,0.0332053,NA,WrongKey,L,None,42,Correct,Fast,Accepted,HKJL,ClosedByInputThreshold,0,1,0.4,1000,2,1,Running,NA,0.5,1,0.25,0.5,1.050075,1,Accepted,KeySequence,42
2020-05-08,10:43:50.5043,KeySequenceStopped,NA,NA,NA,NA,NA,NA,NA,NA,1,3,NA,NA,0.1170484,0.0170229,NA,NA,NA,NA,42,Correct,Fast,Accepted,HKJL,ClosedByInputThreshold,0,1,0.4,1000,2,1,Running,NA,0.5,1,0.25,0.5,1.050075,1,Accepted,KeySequence,42
2020-05-08,10:43:50.5360,KeyDown,NA,NA,NA,NA,NA,NA,NA,NA,1,3,NA,DownArrow,0,0,NA,WrongKey,H,K,43,Correct,Fast,Accepted,HKJL,ClosedByInputThreshold,0,1,0.4,1000,2,1,Running,NA,0.5,1,0.25,0.5,1.050075,1,Accepted,KeySequence,43
2020-05-08,10:43:50.5702,KeyDown,NA,NA,NA,NA,NA,NA,NA,NA,1,3,NA,DownArrow,0.0334555,0.0334555,NA,WrongKey,H,K,43,Correct,Fast,Accepted,HKJL,ClosedByInputThreshold,0,1,0.4,1000,2,1,Running,NA,0.5,1,0.25,0.5,1.050075,1,Accepted,KeySequence,43
2020-05-08,10:43:50.6031,KeyDown,NA,NA,NA,NA,NA,NA,NA,NA,1,3,NA,DownArrow,0.0667838,0.0333283,NA,WrongKey,J,None,43,Correct,Fast,Accepted,HKJL,ClosedByInputThreshold,0,1,0.4,1000,2,1,Running,NA,0.5,1,0.25,0.5,1.050075,1,Accepted,KeySequence,43
2020-05-08,10:43:50.6363,KeyDown,NA,NA,NA,NA,NA,NA,NA,NA,1,3,NA,DownArrow,0.1002237,0.0334399,NA,WrongKey,L,None,43,Correct,Fast,Accepted,HKJL,ClosedByInputThreshold,0,1,0.4,1000,2,1,Running,NA,0.5,1,0.25,0.5,1.050075,1,Accepted,KeySequence,43
2020-05-08,10:43:50.6363,KeySequenceStopped,NA,NA,NA,NA,NA,NA,NA,NA,1,3,NA,NA,0.117201,0.0169773,NA,NA,NA,NA,43,Correct,Fast,Accepted,HKJL,ClosedByInputThreshold,0,1,0.4,1000,2,1,Running,NA,0.5,1,0.25,0.5,1.050075,1,Accepted,KeySequence,43
2020-05-08,10:43:50.6700,KeyDown,NA,NA,NA,NA,NA,NA,NA,NA,1,3,NA,DownArrow,0,0,NA,WrongKey,H,K,44,Correct,Fast,Accepted,HKJL,ClosedByInputThreshold,0,1,0.4,1000,2,1,Running,NA,0.5,1,0.25,0.5,1.050075,1,Accepted,KeySequence,44
2020-05-08,10:43:50.7032,KeyDown,NA,NA,NA,NA,NA,NA,NA,NA,1,3,NA,DownArrow,0.0334307,0.0334307,NA,WrongKey,H,K,44,Correct,Fast,Accepted,HKJL,ClosedByInputThreshold,0,1,0.4,1000,2,1,Running,NA,0.5,1,0.25,0.5,1.050075,1,Accepted,KeySequence,44
2020-05-08,10:43:50.7361,KeyDown,NA,NA,NA,NA,NA,NA,NA,NA,1,3,NA,DownArrow,0.0667392,0.0333085,NA,WrongKey,J,None,44,Correct,Fast,Accepted,HKJL,ClosedByInputThreshold,0,1,0.4,1000,2,1,Running,NA,0.5,1,0.25,0.5,1.050075,1,Accepted,KeySequence,44
2020-05-08,10:43:50.7703,KeyDown,NA,NA,NA,NA,NA,NA,NA,NA,1,3,NA,DownArrow,0.1001206,0.0333814,NA,WrongKey,L,None,44,Correct,Fast,Accepted,HKJL,ClosedByInputThreshold,0,1,0.4,1000,2,1,Running,NA,0.5,1,0.25,0.5,1.050075,1,Accepted,KeySequence,44
2020-05-08,10:43:50.7703,KeySequenceStopped,NA,NA,NA,NA,NA,NA,NA,NA,1,3,NA,NA,0.1169113,0.0167907,NA,NA,NA,NA,44,Correct,Fast,Accepted,HKJL,ClosedByInputThreshold,0,1,0.4,1000,2,1,Running,NA,0.5,1,0.25,0.5,1.050075,1,Accepted,KeySequence,44
2020-05-08,10:43:50.8028,KeyDown,NA,NA,NA,NA,NA,NA,NA,NA,1,3,NA,DownArrow,0,0,NA,WrongKey,H,K,45,Correct,Fast,Accepted,HKJL,ClosedByInputThreshold,0,1,0.4,1000,2,1,Running,NA,0.5,1,0.25,0.5,1.050075,1,Accepted,KeySequence,45
2020-05-08,10:43:50.8353,KeyDown,NA,NA,NA,NA,NA,NA,NA,NA,1,3,NA,DownArrow,0.0332604,0.0332604,NA,WrongKey,H,K,45,Correct,Fast,Accepted,HKJL,ClosedByInputThreshold,0,1,0.4,1000,2,1,Running,NA,0.5,1,0.25,0.5,1.050075,1,Accepted,KeySequence,45
2020-05-08,10:43:50.8699,KeyDown,NA,NA,NA,NA,NA,NA,NA,NA,1,3,NA,DownArrow,0.066542,0.0332816,NA,WrongKey,J,None,45,Correct,Fast,Accepted,HKJL,ClosedByInputThreshold,0,1,0.4,1000,2,1,Running,NA,0.5,1,0.25,0.5,1.050075,1,Accepted,KeySequence,45
2020-05-08,10:43:50.9037,KeyDown,NA,NA,NA,NA,NA,NA,NA,NA,1,3,NA,DownArrow,0.1001629,0.0336209,NA,WrongKey,L,None,45,Correct,Fast,Accepted,HKJL,ClosedByInputThreshold,0,1,0.4,1000,2,1,Running,NA,0.5,1,0.25,0.5,1.050075,1,Accepted,KeySequence,45
2020-05-08,10:43:50.9037,KeySequenceStopped,NA,NA,NA,NA,NA,NA,NA,NA,1,3,NA,NA,0.1168497,0.0166868,NA,NA,NA,NA,45,Correct,Fast,Accepted,HKJL,ClosedByInputThreshold,0,1,0.4,1000,2,1,Running,NA,0.5,1,0.25,0.5,1.050075,1,Accepted,KeySequence,45
2020-05-08,10:43:50.9361,KeyDown,NA,NA,NA,NA,NA,NA,NA,NA,1,3,NA,DownArrow,0,0,NA,WrongKey,H,K,46,Correct,Fast,Accepted,HKJL,ClosedByInputThreshold,0,1,0.4,1000,2,1,Running,NA,0.5,1,0.25,0.5,1.050075,1,Accepted,KeySequence,46
2020-05-08,10:43:50.9701,KeyDown,NA,NA,NA,NA,NA,NA,NA,NA,1,3,NA,DownArrow,0.0332679,0.0332679,NA,WrongKey,H,K,46,Correct,Fast,Accepted,HKJL,ClosedByInputThreshold,0,1,0.4,1000,2,1,Running,NA,0.5,1,0.25,0.5,1.050075,1,Accepted,KeySequence,46
2020-05-08,10:43:51.0030,KeyDown,NA,NA,NA,NA,NA,NA,NA,NA,1,3,NA,DownArrow,0.0666955,0.0334276,NA,WrongKey,J,None,46,Correct,Fast,Accepted,HKJL,ClosedByInputThreshold,0,1,0.4,1000,2,1,Running,NA,0.5,1,0.25,0.5,1.050075,1,Accepted,KeySequence,46
2020-05-08,10:43:51.0364,KeyDown,NA,NA,NA,NA,NA,NA,NA,NA,1,3,NA,DownArrow,0.1000174,0.0333219,NA,WrongKey,L,None,46,Correct,Fast,Accepted,HKJL,ClosedByInputThreshold,0,1,0.4,1000,2,1,Running,NA,0.5,1,0.25,0.5,1.050075,1,Accepted,KeySequence,46
2020-05-08,10:43:51.0374,KeySequenceStopped,NA,NA,NA,NA,NA,NA,NA,NA,1,3,NA,NA,0.1170162,0.0169988,NA,NA,NA,NA,46,Correct,Fast,Accepted,HKJL,ClosedByInputThreshold,0,1,0.4,1000,2,1,Running,NA,0.5,1,0.25,0.5,1.050075,1,Accepted,KeySequence,46
2020-05-08,10:43:51.0701,KeyDown,NA,NA,NA,NA,NA,NA,NA,NA,1,3,NA,DownArrow,0,0,NA,WrongKey,H,K,47,Correct,Fast,Accepted,HKJL,ClosedByInputThreshold,0,1,0.4,1000,2,1,Running,NA,0.5,1,0.25,0.5,1.050075,1,Accepted,KeySequence,47
2020-05-08,10:43:51.1030,KeyDown,NA,NA,NA,NA,NA,NA,NA,NA,1,3,NA,DownArrow,0.0331777,0.0331777,NA,WrongKey,H,K,47,Correct,Fast,Accepted,HKJL,ClosedByInputThreshold,0,1,0.4,1000,2,1,Running,NA,0.5,1,0.25,0.5,1.050075,1,Accepted,KeySequence,47
2020-05-08,10:43:51.1360,KeyDown,NA,NA,NA,NA,NA,NA,NA,NA,1,3,NA,DownArrow,0.0667585,0.0335808,NA,WrongKey,J,None,47,Correct,Fast,Accepted,HKJL,ClosedByInputThreshold,0,1,0.4,1000,2,1,Running,NA,0.5,1,0.25,0.5,1.050075,1,Accepted,KeySequence,47
2020-05-08,10:43:51.1699,KeyDown,NA,NA,NA,NA,NA,NA,NA,NA,1,3,NA,DownArrow,0.1000392,0.0332807,NA,WrongKey,L,None,47,Correct,Fast,Accepted,HKJL,ClosedByInputThreshold,0,1,0.4,1000,2,1,Running,NA,0.5,1,0.25,0.5,1.050075,1,Accepted,KeySequence,47
2020-05-08,10:43:51.1708,KeySequenceStopped,NA,NA,NA,NA,NA,NA,NA,NA,1,3,NA,NA,0.116703,0.0166638,NA,NA,NA,NA,47,Correct,Fast,Accepted,HKJL,ClosedByInputThreshold,0,1,0.4,1000,2,1,Running,NA,0.5,1,0.25,0.5,1.050075,1,Accepted,KeySequence,47
2020-05-08,10:43:51.2038,KeyDown,NA,NA,NA,NA,NA,NA,NA,NA,1,3,NA,DownArrow,0,0,NA,WrongKey,H,K,48,Correct,Fast,Accepted,HKJL,ClosedByInputThreshold,0,1,0.4,1000,2,1,Running,NA,0.5,1,0.25,0.5,1.050075,1,Accepted,KeySequence,48
2020-05-08,10:43:51.2361,KeyDown,NA,NA,NA,NA,NA,NA,NA,NA,1,3,NA,DownArrow,0.033225,0.033225,NA,WrongKey,H,K,48,Correct,Fast,Accepted,HKJL,ClosedByInputThreshold,0,1,0.4,1000,2,1,Running,NA,0.5,1,0.25,0.5,1.050075,1,Accepted,KeySequence,48
2020-05-08,10:43:51.2702,KeyDown,NA,NA,NA,NA,NA,NA,NA,NA,1,3,NA,DownArrow,0.0665909,0.0333659,NA,WrongKey,J,None,48,Correct,Fast,Accepted,HKJL,ClosedByInputThreshold,0,1,0.4,1000,2,1,Running,NA,0.5,1,0.25,0.5,1.050075,1,Accepted,KeySequence,48
2020-05-08,10:43:51.3035,KeyDown,NA,NA,NA,NA,NA,NA,NA,NA,1,3,NA,DownArrow,0.099924,0.0333331,NA,WrongKey,L,None,48,Correct,Fast,Accepted,HKJL,ClosedByInputThreshold,0,1,0.4,1000,2,1,Running,NA,0.5,1,0.25,0.5,1.050075,1,Accepted,KeySequence,48
2020-05-08,10:43:51.3035,KeySequenceStopped,NA,NA,NA,NA,NA,NA,NA,NA,1,3,NA,NA,0.1167148,0.0167908,NA,NA,NA,NA,48,Correct,Fast,Accepted,HKJL,ClosedByInputThreshold,0,1,0.4,1000,2,1,Running,NA,0.5,1,0.25,0.5,1.050075,1,Accepted,KeySequence,48
2020-05-08,10:43:51.3361,KeyDown,NA,NA,NA,NA,NA,NA,NA,NA,1,3,NA,DownArrow,0,0,NA,WrongKey,H,K,49,Correct,Fast,Accepted,HKJL,ClosedByInputThreshold,0,1,0.4,1000,2,1,Running,NA,0.5,1,0.25,0.5,1.050075,1,Accepted,KeySequence,49
2020-05-08,10:43:51.3704,KeyDown,NA,NA,NA,NA,NA,NA,NA,NA,1,3,NA,DownArrow,0.033156,0.033156,NA,WrongKey,H,K,49,Correct,Fast,Accepted,HKJL,ClosedByInputThreshold,0,1,0.4,1000,2,1,Running,NA,0.5,1,0.25,0.5,1.050075,1,Accepted,KeySequence,49
2020-05-08,10:43:51.4038,KeyDown,NA,NA,NA,NA,NA,NA,NA,NA,1,3,NA,DownArrow,0.0665094,0.0333534,NA,WrongKey,J,None,49,Correct,Fast,Accepted,HKJL,ClosedByInputThreshold,0,1,0.4,1000,2,1,Running,NA,0.5,1,0.25,0.5,1.050075,1,Accepted,KeySequence,49
2020-05-08,10:43:51.4362,KeyDown,NA,NA,NA,NA,NA,NA,NA,NA,1,3,NA,DownArrow,0.0997971,0.0332877,NA,WrongKey,L,None,49,Correct,Fast,Accepted,HKJL,ClosedByInputThreshold,0,1,0.4,1000,2,1,Running,NA,0.5,1,0.25,0.5,1.050075,1,Accepted,KeySequence,49
2020-05-08,10:43:51.4371,KeySequenceStopped,NA,NA,NA,NA,NA,NA,NA,NA,1,3,NA,NA,0.1167725,0.0169754,NA,NA,NA,NA,49,Correct,Fast,Accepted,HKJL,ClosedByInputThreshold,0,1,0.4,1000,2,1,Running,NA,0.5,1,0.25,0.5,1.050075,1,Accepted,KeySequence,49
2020-05-08,10:43:51.4701,KeyDown,NA,NA,NA,NA,NA,NA,NA,NA,1,3,NA,DownArrow,0,0,NA,WrongKey,H,K,50,Correct,Fast,Accepted,HKJL,ClosedByInputThreshold,0,1,0.4,1000,2,1,Running,NA,0.5,1,0.25,0.5,1.050075,1,Accepted,KeySequence,50
2020-05-08,10:43:51.5030,KeyDown,NA,NA,NA,NA,NA,NA,NA,NA,1,3,NA,DownArrow,0.0333474,0.0333474,NA,WrongKey,H,K,50,Correct,Fast,Accepted,HKJL,ClosedByInputThreshold,0,1,0.4,1000,2,1,Running,NA,0.5,1,0.25,0.5,1.050075,1,Accepted,KeySequence,50
2020-05-08,10:43:51.5361,KeyDown,NA,NA,NA,NA,NA,NA,NA,NA,1,3,NA,DownArrow,0.06677669,0.0334293,NA,WrongKey,J,None,50,Correct,Fast,Accepted,HKJL,ClosedByInputThreshold,0,1,0.4,1000,2,1,Running,NA,0.5,1,0.25,0.5,1.050075,1,Accepted,KeySequence,50
2020-05-08,10:43:51.5700,KeyDown,NA,NA,NA,NA,NA,NA,NA,NA,1,3,NA,DownArrow,0.0999719,0.0331952,NA,WrongKey,L,None,50,Correct,Fast,Accepted,HKJL,ClosedByInputThreshold,0,1,0.4,1000,2,1,Running,NA,0.5,1,0.25,0.5,1.050075,1,Accepted,KeySequence,50
2020-05-08,10:43:51.5710,KeySequenceStopped,NA,NA,NA,NA,NA,NA,NA,NA,1,3,NA,NA,0.1168863,0.0169144,NA,NA,NA,NA,50,Correct,Fast,Accepted,HKJL,ClosedByInputThreshold,0,1,0.4,1000,2,1,Running,NA,0.5,1,0.25,0.5,1.050075,1,Accepted,KeySequence,50
2020-05-08,10:43:51.6039,KeyDown,NA,NA,NA,NA,NA,NA,NA,NA,1,3,NA,DownArrow,0,0,NA,WrongKey,H,K,51,Correct,Fast,Accepted,HKJL,ClosedByInputThreshold,0,1,0.4,1000,2,1,Running,NA,0.5,1,0.25,0.5,1.050075,1,Accepted,KeySequence,51
2020-05-08,10:43:51.6361,KeyDown,NA,NA,NA,NA,NA,NA,NA,NA,1,3,NA,DownArrow,0.0332232,0.0332232,NA,WrongKey,H,K,51,Correct,Fast,Accepted,HKJL,ClosedByInputThreshold,0,1,0.4,1000,2,1,Running,NA,0.5,1,0.25,0.5,1.050075,1,Accepted,KeySequence,51
2020-05-08,10:43:51.6705,KeyDown,NA,NA,NA,NA,NA,NA,NA,NA,1,3,NA,DownArrow,0.0667349,0.0335117,NA,WrongKey,J,None,51,Correct,Fast,Accepted,HKJL,ClosedByInputThreshold,0,1,0.4,1000,2,1,Running,NA,0.5,1,0.25,0.5,1.050075,1,Accepted,KeySequence,51
2020-05-08,10:43:51.7039,KeyDown,NA,NA,NA,NA,NA,NA,NA,NA,1,3,NA,DownArrow,0.1003717,0.0336368,NA,WrongKey,L,None,51,Correct,Fast,Accepted,HKJL,ClosedByInputThreshold,0,1,0.4,1000,2,1,Running,NA,0.5,1,0.25,0.5,1.050075,1,Accepted,KeySequence,51
2020-05-08,10:43:51.7039,KeySequenceStopped,NA,NA,NA,NA,NA,NA,NA,NA,1,3,NA,NA,0.1168875,0.0165158,NA,NA,NA,NA,51,Correct,Fast,Accepted,HKJL,ClosedByInputThreshold,0,1,0.4,1000,2,1,Running,NA,0.5,1,0.25,0.5,1.050075,1,Accepted,KeySequence,51
2020-05-08,10:43:51.7370,KeyDown,NA,NA,NA,NA,NA,NA,NA,NA,1,3,NA,DownArrow,0,0,NA,WrongKey,H,K,52,Mistyped,Fast,Accepted,HKJL,ClosedByDeadzone,0,1,0.4,1000,2,1,Running,NA,0.5,1,0.25,0.5,1.050075,0,Rejected,KeySequence,52
2020-05-08,10:43:51.7549,KeyDown,NA,NA,NA,NA,NA,NA,NA,NA,1,3,NA,DownArrow,0.0167335,0.0167335,NA,WrongKey,H,K,52,Mistyped,Fast,Accepted,HKJL,ClosedByDeadzone,0,1,0.4,1000,2,1,Running,NA,0.5,1,0.25,0.5,1.050075,0,Rejected,KeySequence,52
2020-05-08,10:43:52.5042,KeySequenceStopped,NA,NA,NA,NA,NA,NA,NA,NA,1,3,NA,NA,0.7830904,0.7663569,NA,NA,NA,NA,52,Mistyped,Fast,Accepted,HKJL,ClosedByDeadzone,0,1,0.4,1000,2,1,Running,NA,0.5,1,0.25,0.5,1.050075,0,Rejected,KeySequence,52
2020-05-08,10:43:52.7558,[gameevent],HookMoved,NA,NA,NA,NA,NA,NA,NA,2,3,NA,NA,NA,NA,NA,NA,NA,NA,NA,NA,NA,NA,NA,NA,0,1,0.4,1000,2,1,Running,NA,0.5,1,0.25,0.5,1.050075,0,Rejected,KeySequence,52
2020-05-08,10:43:52.7548,KeyDown,NA,NA,NA,NA,NA,NA,NA,NA,2,3,NA,DownArrow,0,0,NA,WrongKey,H,K,53,Mistyped,Fast,Accepted,HKJL,ClosedByDeadzone,0,1,0.4,1000,2,1,Running,NA,0.5,1,0.25,0.5,1.050075,0,Rejected,KeySequence,53
2020-05-08,10:43:53.4883,KeySequenceStopped,NA,NA,NA,NA,NA,NA,NA,NA,2,3,NA,NA,0.7504618,0.7504618,NA,NA,NA,NA,53,Mistyped,Fast,Accepted,HKJL,ClosedByDeadzone,0,1,0.4,1000,2,1,Running,NA,0.5,1,0.25,0.5,1.050075,0,Rejected,KeySequence,53
2020-05-08,10:43:56.3725,[gameevent],FishHooked,6,21,21,NA,NA,NA,NA,2,3,NA,NA,NA,NA,NA,NA,NA,NA,NA,NA,NA,NA,NA,NA,0,1,0.4,1000,2,1,Running,NA,0.5,1,0.25,0.5,1.050075,0,Rejected,KeySequence,53
2020-05-08,10:43:58.3560,InputWindowOpen,NA,6,21,21,NA,NA,NA,NA,2,3,NA,NA,NA,NA,NA,NA,NA,NA,NA,NA,NA,NA,NA,NA,0,1,0.4,1000,2,1,Running,NA,0.5,1,0.25,0.5,1.050075,0,Rejected,KeySequence,53
2020-05-08,10:43:58.3560,[gameevent],NextTrialStarted,6,21,21,NA,NA,NA,NA,2,3,NA,NA,NA,NA,NA,NA,NA,NA,NA,NA,NA,NA,NA,NA,0,1,0.4,1000,2,1,Running,NA,0.5,1,0.25,0.5,1.050075,0,Rejected,KeySequence,53
2020-05-08,10:43:58.5900,KeyDown,NA,6,21,21,NA,NA,NA,NA,2,3,NA,H,0,0,0,CorrectKey,H,K,54,Correct,Fast,Accepted,HKJL,ClosedByInputThreshold,0,1,0.4,1000,2,1,Running,NA,0.5,1,0.25,0.5,1.050075,1,Accepted,KeySequence,54
2020-05-08,10:43:58.8237,KeyDown,NA,6,21,21,NA,NA,NA,NA,2,3,NA,K,0.2334382,0.2334382,1,CorrectKey,H,K,54,Correct,Fast,Accepted,HKJL,ClosedByInputThreshold,0,1,0.4,1000,2,1,Running,NA,0.5,1,0.25,0.5,1.050075,1,Accepted,KeySequence,54
2020-05-08,10:43:59.0241,KeyDown,NA,6,21,21,NA,NA,NA,NA,2,3,NA,J,0.4338246,0.2003864,2,CorrectKey,J,None,54,Correct,Fast,Accepted,HKJL,ClosedByInputThreshold,0,1,0.4,1000,2,1,Running,NA,0.5,1,0.25,0.5,1.050075,1,Accepted,KeySequence,54
2020-05-08,10:43:59.1740,KeyDown,NA,6,21,21,NA,NA,NA,NA,2,3,NA,L,0.583751,0.1499263,3,CorrectKey,L,None,54,Correct,Fast,Accepted,HKJL,ClosedByInputThreshold,0,1,0.4,1000,2,1,Running,NA,0.5,1,0.25,0.5,1.050075,1,Accepted,KeySequence,54
2020-05-08,10:43:59.1750,KeySequenceStopped,NA,6,21,21,NA,NA,NA,NA,2,3,NA,NA,0.6006688,0.0169178,NA,NA,NA,NA,54,Correct,Fast,Accepted,HKJL,ClosedByInputThreshold,0,1,0.4,1000,2,1,Running,NA,0.5,1,0.25,0.5,1.050075,1,Accepted,KeySequence,54
2020-05-08,10:43:59.1750,[gameevent],InputAccepted,6,21,21,NA,NA,NA,NA,2,3,NA,NA,NA,NA,NA,NA,NA,NA,NA,NA,NA,NA,NA,NA,0,1,0.4,1000,2,1,Running,NA,0.5,1,0.25,0.5,1.050075,1,Accepted,KeySequence,54
2020-05-08,10:43:59.3560,InputWindowClosed,NA,6,21,21,NA,NA,NA,NA,2,3,NA,NA,NA,NA,NA,NA,NA,NA,NA,NA,NA,NA,NA,NA,0,1,0.4,1000,2,1,Running,NA,0.5,1,0.25,0.5,1.050075,1,Accepted,KeySequence,54
2020-05-08,10:43:59.3570,[gameevent],Feedback,6,21,21,Failure,NA,NA,NA,2,4,NA,NA,NA,NA,NA,NA,NA,NA,NA,NA,NA,NA,NA,NA,0,1,0.4,1000,2,1,Running,NA,0.5,1,0.25,0.5,1.050075,1,Accepted,KeySequence,54
2020-05-08,10:43:59.3570,DecisionRejectAllInput,NA,6,21,21,NA,NA,NA,NA,2,4,NA,NA,NA,NA,NA,NA,NA,NA,NA,NA,NA,NA,NA,NA,0,1,0.4,1000,2,1,Running,NA,0.4761905,1,0.25,0.4761905,1.042812,1,Accepted,KeySequence,54
2020-05-08,10:44:00.0091,KeyDown,NA,6,21,21,NA,NA,NA,NA,2,4,NA,DownArrow,0,0,NA,WrongKey,H,K,55,Mistyped,Fast,Accepted,HKJL,ClosedByDeadzone,0,1,0.4,1000,2,1,Running,NA,0.4761905,1,0.25,0.4761905,1.042812,0,Rejected,KeySequence,55
2020-05-08,10:44:00.7413,KeySequenceStopped,NA,6,21,21,NA,NA,NA,NA,2,4,NA,NA,0.7502366,0.7502366,NA,NA,NA,NA,55,Mistyped,Fast,Accepted,HKJL,ClosedByDeadzone,0,1,0.4,1000,2,1,Running,NA,0.4761905,1,0.25,0.4761905,1.042812,0,Rejected,KeySequence,55
2020-05-08,10:44:02.1752,InputWindowOpen,NA,6,21,21,NA,NA,NA,NA,2,4,NA,NA,NA,NA,NA,NA,NA,NA,NA,NA,NA,NA,NA,NA,0,1,0.4,1000,2,1,Running,NA,0.4761905,1,0.25,0.4761905,1.042812,0,Rejected,KeySequence,55
2020-05-08,10:44:02.1752,[gameevent],NextTrialStarted,6,22,22,NA,NA,NA,NA,2,4,NA,NA,NA,NA,NA,NA,NA,NA,NA,NA,NA,NA,NA,NA,0,1,0.4,1000,2,1,Running,NA,0.4761905,1,0.25,0.4761905,1.042812,0,Rejected,KeySequence,55
2020-05-08,10:44:02.4090,KeyDown,NA,6,22,22,NA,NA,NA,NA,2,4,NA,H,0,0,0,CorrectKey,H,K,56,Correct,Fast,Accepted,HKJL,ClosedByInputThreshold,0,1,0.4,1000,2,1,Running,NA,0.4761905,1,0.25,0.4761905,1.042812,1,Accepted,KeySequence,56
2020-05-08,10:44:02.6596,KeyDown,NA,6,22,22,NA,NA,NA,NA,2,4,NA,K,0.2503203,0.2503203,1,CorrectKey,H,K,56,Correct,Fast,Accepted,HKJL,ClosedByInputThreshold,0,1,0.4,1000,2,1,Running,NA,0.4761905,1,0.25,0.4761905,1.042812,1,Accepted,KeySequence,56
2020-05-08,10:44:02.8751,KeyDown,NA,6,22,22,NA,NA,NA,NA,2,4,NA,J,0.467291,0.2169707,2,CorrectKey,J,None,56,Correct,Fast,Accepted,HKJL,ClosedByInputThreshold,0,1,0.4,1000,2,1,Running,NA,0.4761905,1,0.25,0.4761905,1.042812,1,Accepted,KeySequence,56
2020-05-08,10:44:03.0254,KeyDown,NA,6,22,22,NA,NA,NA,NA,2,4,NA,L,0.6176443,0.1503533,3,CorrectKey,L,None,56,Correct,Fast,Accepted,HKJL,ClosedByInputThreshold,0,1,0.4,1000,2,1,Running,NA,0.4761905,1,0.25,0.4761905,1.042812,1,Accepted,KeySequence,56
2020-05-08,10:44:03.0264,KeySequenceStopped,NA,6,22,22,NA,NA,NA,NA,2,4,NA,NA,0.6346703,0.017026,NA,NA,NA,NA,56,Correct,Fast,Accepted,HKJL,ClosedByInputThreshold,0,1,0.4,1000,2,1,Running,NA,0.4761905,1,0.25,0.4761905,1.042812,1,Accepted,KeySequence,56
2020-05-08,10:44:03.0264,[gameevent],InputAccepted,6,22,22,NA,NA,NA,NA,2,4,NA,NA,NA,NA,NA,NA,NA,NA,NA,NA,NA,NA,NA,NA,0,1,0.4,1000,2,1,Running,NA,0.4761905,1,0.25,0.4761905,1.042812,1,Accepted,KeySequence,56
2020-05-08,10:44:03.0264,InputWindowClosed,NA,6,22,22,NA,NA,NA,NA,2,4,NA,NA,NA,NA,NA,NA,NA,NA,NA,NA,NA,NA,NA,NA,0,1,0.4,1000,2,1,Running,NA,0.4761905,1,0.25,0.4761905,1.042812,1,Accepted,KeySequence,56
2020-05-08,10:44:03.0264,DecisionAcceptAllInput,NA,6,22,22,NA,NA,NA,NA,2,4,NA,NA,NA,NA,NA,NA,NA,NA,NA,NA,NA,NA,NA,NA,0,1,0.4,1000,2,1,Running,NA,0.5,1,0.25,0.5,1.048829,1,Accepted,KeySequence,56
2020-05-08,10:44:03.0274,[gameevent],Feedback,6,22,22,AssistedSuccess,NA,NA,NA,2,4,NA,NA,NA,NA,NA,NA,NA,NA,NA,NA,NA,NA,NA,NA,0,1,0.4,1000,2,1,Running,NA,0.5,1,0.25,0.5,1.048829,1,Accepted,KeySequence,56
2020-05-08,10:44:07.2115,[gameevent],BlockEnded,6,22,22,NA,Win,4,2,NA,NA,M - Rainbow Trout,NA,NA,NA,NA,NA,NA,NA,NA,NA,NA,NA,NA,NA,0,1,0.4,1000,2,1,Running,NA,0.5,1,0.25,0.5,1.048829,1,Accepted,KeySequence,56
2020-05-08,10:44:10.2132,Stopped,NA,NA,NA,NA,NA,NA,NA,NA,NA,NA,NA,NA,NA,NA,NA,NA,NA,NA,NA,NA,NA,NA,NA,NA,0,1,0.4,1000,2,1,Stopped,NA,0.5,1,0.25,0.5,1.048829,1,Accepted,KeySequence,56
